328.202 558.688 2596.9 1 145.097 340.397 2625.37 1 65.9563 7.09176 2648.75 1 500.345 331.036 2577.06 1 580.141 3.74435 2590.85 1 53.2047 -302.742 2530.45 1 602.25 -285.389 2486.66 1 315.684 108.377 2593.52 1 204.606 -116.221 2599.98 1 412.689 -121.704 2571.69 1 209.296 -568.486 2650.48 1 274.83 -996.587 2711.88 1 431.304 -573.496 2623.51 1 322.721 335.716 2601.22 1 383.139 -1003.16 2690.61 1
329.534 558.635 2596.19 1 147.061 340.898 2624.17 1 66.4767 7.54681 2647.37 1 502.628 331.401 2578.36 1 580.57 5.87109 2589.93 1 53.2955 -302.72 2530.9 1 602.12 -284.256 2487.81 1 317.816 108.8 2593.84 1 206.649 -115.769 2599.84 1 414.925 -121.332 2573 1 215.015 -568.668 2643.34 1 266.334 -995.903 2719.8 1 432.106 -573.355 2623.35 1 324.844 336.149 2601.26 1 387.721 -1003.18 2692.26 1
329.283 556.602 2596.35 1 145.659 338.995 2622.69 1 68.7553 5.78309 2647.21 1 501.219 329.126 2576.87 1 580.301 7.92323 2589.98 1 53.2645 -302.75 2529.82 1 600.522 -282.799 2490.11 1 316.129 106.731 2592.02 1 204.687 -117.709 2597.69 1 412.952 -123.489 2570.85 1 209.462 -570.414 2643.95 1 264.512 -998.128 2716.6 1 428.444 -575.501 2621.9 1 323.439 334.061 2599.78 1 385.225 -1005.42 2691.21 1
328.576 554.918 2595.91 1 144.498 335.646 2622.6 1 69.8744 7.38939 2647.61 1 499.873 326.654 2575.2 1 579.146 6.46363 2587.99 1 56.9869 -298.58 2528.06 1 602.395 -283.377 2488.07 1 315.341 103.821 2590.71 1 204.415 -120.874 2596.4 1 412.577 -126.141 2568.64 1 209.859 -572.7 2650.28 1 270.214 -1001.17 2713.94 1 428.868 -577.984 2620.95 1 322.186 331.15 2598.9 1 384.858 -1007.66 2691.41 1
329.773 554.709 2595.69 1 145.351 335.413 2623.87 1 71.4377 9.19489 2648.81 1 500.295 326.437 2573.4 1 579.572 5.23124 2588.99 1 59.0969 -296.094 2529.54 1 601.926 -283.423 2487.72 1 315.893 103.603 2590.33 1 205.006 -121.091 2596.8 1 412.92 -126.349 2567.24 1 211.776 -573.228 2648.22 1 269.933 -999.865 2724.65 1 431.253 -577.348 2625.47 1 322.823 330.925 2598.64 1 385.865 -1007.4 2692.63 1
327.678 556.774 2598.59 1 144.12 336.462 2625.56 1 71.2142 6.59277 2649.41 1 499.119 329.008 2575.2 1 579.281 6.61984 2588 1 56.1748 -298.612 2529.56 1 600.143 -282.353 2492.09 1 315.519 105.433 2591.02 1 205.45 -119.685 2596.41 1 413.387 -124.051 2566.91 1 212.836 -572.289 2643.54 1 267.399 -998.144 2727.19 1 427.907 -575.388 2623.63 1 321.62 332.735 2600.38 1 392.505 -1005.3 2696.56 1
326.715 556.822 2597.02 1 144.437 336.003 2625.65 1 71.1041 5.29178 2650.7 1 499.224 330.078 2573.63 1 580.137 5.81484 2588.49 1 54.9918 -300.509 2531.73 1 603.123 -283.545 2494.87 1 316.74 105.693 2590.82 1 207.741 -119.919 2597.24 1 415.558 -123.39 2566.76 1 211.936 -571.386 2653.87 1 274.403 -999.363 2715.73 1 432.855 -574.6 2623.82 1 321.83 333.041 2599.64 1 390.483 -1004.17 2695.19 1
329.157 556.444 2596.24 1 145.884 335.798 2623.31 1 72.5509 5.14755 2648.85 1 501.153 328.86 2574.92 1 581.068 6.40573 2588.25 1 54.3928 -301.42 2532.82 1 602.884 -283.275 2494.94 1 317.92 104.98 2590.61 1 208.268 -120.338 2596.27 1 416.374 -124.401 2567.92 1 212.9 -572.11 2650.91 1 268.569 -1000.18 2720.03 1 430.122 -575.85 2624.05 1 323.519 332.329 2599.12 1 390.866 -1005.42 2697.47 1
330.264 558.7 2596.85 1 146.587 337.999 2623.49 1 72.2946 4.59005 2647.91 1 501.896 330.482 2575.38 1 584.055 5.18583 2588.62 1 53.9846 -302.142 2533.72 1 602.619 -282.964 2495.12 1 318.296 106.894 2591.04 1 208.293 -118.251 2596.74 1 416.407 -122.653 2568.56 1 209.938 -569.527 2655.55 1 270.984 -998.337 2715.68 1 428.778 -574.585 2620.98 1 324.241 334.24 2599.44 1 388.637 -1003.64 2697.1 1
331.128 557.348 2595.66 1 146.953 336.827 2622.54 1 72.6501 4.29863 2648.44 1 502.414 328.913 2575.6 1 584.533 3.5888 2589.32 1 53.7805 -302.547 2534.15 1 602.572 -283.108 2495.1 1 318.517 105.528 2590.7 1 208.246 -119.496 2596.07 1 416.454 -124.131 2568.58 1 212.59 -571.217 2651.31 1 269.48 -1000.61 2712.51 1 426.774 -575.733 2624.19 1 324.683 332.87 2599.07 1 394.349 -1006.68 2692.21 1
328.082 555.229 2598.07 1 146.445 333.928 2622.09 1 72.8243 3.14469 2649.73 1 502.131 329.849 2576.53 1 583.265 1.79844 2593.16 1 53.6737 -302.762 2534.38 1 601.903 -283.086 2492.33 1 320.438 104.563 2589.61 1 212.412 -121.567 2593.26 1 420.766 -123.957 2566.57 1 217.61 -573.415 2647.59 1 268.586 -1002.91 2713.43 1 433.567 -575.585 2621.52 1 324.288 331.889 2599.31 1 399.751 -1006.78 2687.79 1
332.07 558.613 2598.77 1 149.445 336.54 2620.83 1 72.4111 2.07339 2650.86 1 505.568 331.945 2578.92 1 582.632 -0.601939 2591.08 1 53.631 -302.862 2534.47 1 602.008 -283.822 2485.02 1 323.457 106.904 2590.38 1 215.105 -119.088 2593.16 1 423.707 -121.78 2568.62 1 215.852 -570.265 2652.74 1 269.398 -1000.14 2714.24 1 431.482 -573.151 2626.34 1 327.507 334.243 2599.87 1 397.504 -1004.31 2693.05 1
333.597 561.393 2597.12 1 150.921 339.584 2621.31 1 71.7088 3.5364 2648.93 1 506.84 334.621 2577.64 1 582.318 -0.800781 2588.53 1 53.8813 -302.967 2536.97 1 602.64 -285.108 2484.87 1 324.626 109.738 2590.64 1 216.135 -116.172 2594.59 1 424.607 -119.079 2569.01 1 215.509 -568.147 2647.64 1 260.145 -995.966 2725.81 1 430.059 -570.671 2625.39 1 328.881 337.102 2599.48 1 397.689 -1001.88 2692.72 1
332.566 558.622 2597.29 1 149.772 337.12 2620.06 1 72.8542 4.7699 2648.96 1 505.906 331.702 2578.2 1 583.16 0.0977814 2587.27 1 53.7171 -302.821 2535.85 1 601.589 -284.177 2483.95 1 323.377 107.037 2590.6 1 214.614 -118.75 2594.33 1 423.216 -121.924 2569.8 1 209.474 -570.346 2650.36 1 266.334 -998.798 2715.21 1 429.162 -573.916 2622.85 1 327.839 334.411 2599.13 1 384.564 -1003.61 2691.78 1
331.472 559.268 2596.88 1 149.389 338.612 2620.61 1 73.4405 4.89254 2648 1 505.465 332.967 2578.21 1 582.089 -0.959395 2588.62 1 53.713 -302.581 2534.94 1 602.792 -284.564 2484.58 1 322.805 108.418 2590.87 1 213.9 -117.301 2594.74 1 422.467 -120.608 2569.91 1 209.03 -568.719 2652.48 1 270.578 -997.268 2714.13 1 426.399 -572.795 2621.52 1 327.427 335.789 2599.41 1 387.825 -1002.61 2693.54 1
331.688 560.609 2596.17 1 149.621 339.961 2619.76 1 72.7189 4.94856 2647.49 1 505.825 334.066 2578.47 1 582.544 -0.481706 2589.31 1 53.6353 -302.676 2534.79 1 602.987 -285.007 2484.81 1 323.061 109.615 2591.36 1 214.076 -116.057 2595.69 1 422.721 -119.51 2571.51 1 214.185 -567.911 2649.96 1 263.514 -995.816 2724.41 1 429.721 -571.781 2622.04 1 327.723 337.013 2599.12 1 384.721 -1001.11 2693.37 1
331.525 561.914 2595.31 1 149.309 341.343 2619.86 1 72.3611 4.97453 2647.24 1 505.405 335.359 2577.64 1 582.272 0.259076 2588.64 1 53.5874 -302.725 2534.72 1 603.426 -285.31 2484.98 1 322.681 110.934 2591.55 1 213.715 -114.73 2596.71 1 422.297 -118.235 2571.98 1 216.898 -567.005 2647.28 1 256.213 -995.233 2726.43 1 429.703 -570.608 2621.63 1 327.357 338.351 2598.75 1 388.957 -1000.64 2691.49 1
331.932 558.291 2594.89 1 149.178 338.228 2620.11 1 72.1807 4.98911 2648.13 1 505.02 331.975 2575.89 1 583.135 1.1272 2590.82 1 53.5617 -302.749 2534.69 1 603.701 -285.774 2485.83 1 322.128 107.713 2590.15 1 212.938 -117.845 2595.26 1 421.375 -121.508 2569.35 1 216.093 -569.797 2648.8 1 258.062 -999.669 2717.29 1 425.347 -574.363 2614.52 1 327.099 335.102 2598 1 394.755 -1003.92 2691.32 1
332.054 558.667 2595.68 1 148.833 338.319 2619.26 1 72.5919 3.99425 2648.56 1 504.912 331.731 2577.05 1 583.07 1.56347 2589.42 1 53.5753 -302.842 2534.64 1 603.808 -286.064 2486.22 1 321.687 107.655 2589.9 1 212.215 -117.786 2594.01 1 420.789 -121.645 2569.29 1 213.736 -570.044 2645.06 1 262.459 -998.028 2720.86 1 430.185 -573.15 2624.72 1 326.873 335.025 2598.16 1 383.43 -1003.52 2683.5 1
335.32 561.313 2595.08 1 150.944 342.033 2619.51 1 72.3036 3.50313 2648.78 1 507.005 333.523 2577.48 1 583.543 1.27525 2590.71 1 53.6824 -302.552 2532.95 1 604.372 -286.091 2488.38 1 322.605 110.429 2590.56 1 211.954 -114.428 2594.93 1 420.516 -119.412 2570.32 1 215.645 -566.843 2644.52 1 258.026 -994.729 2724.97 1 432.349 -570.722 2627.46 1 328.974 337.778 2598.49 1 384.99 -1001.79 2683.42 1
334.775 559.205 2595.28 1 149.831 339.625 2620.25 1 71.6527 4.75285 2650.39 1 505.535 330.527 2575.48 1 582.771 1.63592 2589.85 1 53.6569 -302.809 2533.74 1 604.698 -285.908 2489.52 1 320.846 107.746 2589.74 1 209.83 -116.919 2594.73 1 418.186 -122.249 2568.5 1 212.361 -569.762 2640.24 1 256.644 -996.806 2724.51 1 431.989 -574.018 2621.63 1 327.683 335.076 2597.87 1 378.31 -1003.72 2683.07 1
333.577 558.759 2586.37 1 149.723 339.145 2616.62 1 72.3281 4.37525 2649.7 1 505.378 329.491 2571.51 1 582.887 2.31891 2587.92 1 53.7205 -302.619 2533.83 1 604.936 -285.548 2490.04 1 320.792 106.913 2589.45 1 209.873 -117.665 2598.03 1 418.193 -123.319 2571.61 1 212.564 -569.884 2649.19 1 267.947 -997.992 2718.4 1 434.451 -574.851 2626.26 1 327.55 334.318 2594.07 1 378.672 -1003.89 2691.18 1
332.732 556.564 2590.42 1 148.415 336.852 2618.32 1 72.6557 4.19462 2649.35 1 503.731 327.483 2570.6 1 583.434 1.15252 2589.46 1 53.6413 -302.76 2534.22 1 605.011 -285.514 2490.41 1 319.127 104.831 2587.38 1 208.117 -119.762 2594.27 1 416.245 -125.25 2566.32 1 212.572 -571.715 2647.74 1 268.029 -1001.13 2709.47 1 430.959 -577.518 2614.78 1 326.073 332.167 2594.46 1 378.505 -1005.63 2688 1
334.413 559.076 2592.95 1 149.399 340.698 2619.17 1 71.8374 4.10333 2648.68 1 504.715 330.425 2571.59 1 583.227 0.568895 2590.24 1 53.6144 -302.853 2534.41 1 604.298 -284.353 2487.71 1 319.478 108.247 2587.86 1 207.838 -116.06 2594.27 1 415.961 -122.077 2566.41 1 210.514 -567.316 2653.29 1 273.516 -995.979 2713.54 1 430.994 -573.666 2620.7 1 327.057 335.562 2595.38 1 386.429 -1001.35 2701.03 1
334.892 560.966 2594.21 1 148.976 343.386 2619.65 1 71.4253 5.05557 2648.34 1 504.31 331.702 2572.53 1 584.12 2.77956 2590.12 1 53.6146 -302.91 2534.5 1 601.551 -282.553 2490.41 1 318.106 110.276 2588.06 1 205.5 -113.571 2593.83 1 413.637 -120.415 2566.23 1 209.087 -564.911 2652.36 1 267.328 -993.82 2716.06 1 428.931 -572.312 2618.08 1 326.643 337.544 2596.09 1 385.945 -1000.07 2699.42 1
333.878 558.727 2595.35 1 148.191 341.531 2620.3 1 72.7113 5.02888 2648.18 1 503.352 329.998 2571.85 1 582.558 1.38808 2590.56 1 53.365 -302.767 2531.66 1 602.456 -283.303 2487.3 1 317.137 108.543 2586.86 1 204.484 -115.302 2591.84 1 412.519 -122.057 2563.46 1 212.825 -567.083 2646.08 1 264.858 -995.152 2719.52 1 429.468 -573.651 2617.51 1 325.772 335.765 2596.07 1 384.972 -1002.69 2690.77 1
334.307 560.381 2596.92 1 148.505 342.8 2621.24 1 72.8624 6.51771 2646.1 1 503.595 330.853 2572.35 1 582.284 1.18916 2588.79 1 53.5602 -302.749 2532.77 1 603.231 -283.445 2486.82 1 317.066 109.637 2587.06 1 204.087 -114.054 2591.65 1 412.079 -121.052 2563.01 1 212.347 -565.573 2648.23 1 268.41 -993.91 2717.47 1 430.926 -572.413 2618.42 1 326.05 336.827 2596.79 1 382.427 -1001.43 2689.51 1
334.701 561.119 2595.68 1 148.904 343.858 2620.53 1 72.9356 6.76344 2648.04 1 503.963 331.52 2571.49 1 582.146 0.590562 2587.38 1 53.3847 -302.418 2530.5 1 603.792 -284.307 2486.63 1 317.277 110.479 2586.89 1 204.133 -113.117 2592.12 1 412.107 -120.344 2563.39 1 213.346 -565.031 2645.34 1 264.959 -992.035 2725.02 1 431.487 -572.07 2615.55 1 326.434 337.689 2596.01 1 386.572 -1000.04 2694.58 1
334.174 560.253 2595.57 1 148.881 342.926 2620.81 1 70.4678 7.8806 2646.52 1 503.733 330.851 2570.26 1 582.572 -4.70375 2586.18 1 53.5854 -302.549 2532.17 1 605.573 -288.276 2478.72 1 317.29 109.667 2586.52 1 204.346 -114.018 2592.3 1 412.201 -121.091 2562.69 1 212.643 -565.493 2649.26 1 269.201 -994.109 2714.91 1 435.364 -571.966 2620.09 1 326.307 336.888 2595.53 1 384.417 -1000.56 2691.48 1
335.478 561.741 2594.52 1 150.048 344.766 2621.09 1 68.7463 7.44924 2647.26 1 504.811 331.819 2570.12 1 581.296 -5.36141 2586.58 1 53.4594 -302.314 2530.19 1 608.477 -292.277 2484.8 1 317.891 111.079 2586.93 1 204.453 -112.343 2593.19 1 412.254 -119.926 2563.33 1 213.829 -564.537 2643.65 1 266.67 -992.214 2718.37 1 433.064 -571.212 2618.49 1 327.43 338.293 2595.61 1 385.623 -999.701 2693.25 1
333.759 559.414 2595.99 1 147.899 342.684 2624.3 1 69.8708 7.22692 2647.63 1 501.789 329.815 2567.83 1 582.145 -2.68318 2586.79 1 53.6731 -302.502 2531.99 1 605.502 -289.549 2482.86 1 315.139 109.057 2587.02 1 201.777 -114.366 2594.52 1 409.092 -121.905 2561.44 1 213.229 -565.982 2649.55 1 260.953 -996.354 2710.26 1 430.436 -573.411 2614.69 1 324.844 336.25 2596.07 1 383.392 -1001.79 2690.67 1
334.485 561.451 2596.73 1 147.886 345.566 2623.94 1 70.4414 6.61668 2647.32 1 501.896 331.626 2568.35 1 581.58 -4.84592 2587.9 1 53.6476 -302.737 2533.28 1 606.913 -291.385 2479.38 1 314.453 111.457 2586.63 1 200.34 -111.601 2593.4 1 407.689 -119.766 2560.84 1 211.339 -563.054 2650.06 1 264.616 -993.619 2705.56 1 429.162 -571.363 2613.37 1 324.891 338.596 2596.14 1 386.64 -999.494 2693.22 1
334.032 562.684 2596.59 1 147.598 347.091 2623.2 1 71.2179 8.80978 2645.64 1 501.75 333.079 2568.48 1 581.79 -1.4238 2587.95 1 53.4474 -302.415 2530.74 1 604.538 -289.924 2480.58 1 314.284 112.924 2586.77 1 200.177 -110.133 2593.73 1 407.614 -118.341 2561.68 1 211.818 -561.138 2653.76 1 268.726 -991.699 2706.51 1 434.072 -569.042 2619 1 324.674 340.085 2595.84 1 385.195 -997.212 2694.73 1
334.095 562.928 2595.53 1 148.336 347.095 2621.57 1 71.1062 6.90399 2647.31 1 502.821 333.519 2568.92 1 581.394 -1.71116 2587.48 1 53.3271 -302.323 2529.45 1 605.261 -290.931 2472.14 1 315.541 113.127 2586.24 1 201.684 -110.076 2592.66 1 409.323 -118.029 2561.82 1 217.198 -561.628 2647.19 1 262.048 -990.942 2716.06 1 432.915 -569.727 2611.75 1 325.579 340.307 2595.24 1 392.804 -996.433 2698.94 1
333.225 562.995 2596.01 1 148.732 345.608 2619.56 1 67.5571 6.44624 2647.67 1 503.782 334.366 2570.41 1 581.701 4.14884 2585.25 1 53.2376 -302.655 2529.03 1 602.656 -289.066 2475.38 1 317.653 112.806 2584.79 1 205.058 -111.082 2588.99 1 413.039 -117.667 2560.2 1 217.788 -563.457 2636.78 1 264.116 -989.803 2721.24 1 437.264 -568.793 2614.98 1 326.257 339.987 2594.99 1 389.428 -996.438 2693.11 1
333.476 560.896 2595.24 1 149.362 342.83 2619.18 1 69.7756 5.71983 2648.33 1 504.255 332.974 2568.56 1 581.847 7.07802 2584.62 1 53.5165 -303.028 2531.67 1 602.36 -287.429 2476.99 1 319.076 110.677 2583.9 1 207.407 -113.661 2588.76 1 415.279 -119.434 2559.11 1 214.544 -565.309 2643.64 1 267.919 -992.462 2720.3 1 432.799 -570.711 2615.09 1 326.808 337.902 2593.87 1 394.456 -999.13 2694.48 1
335.024 561.369 2595.86 1 150.687 343.498 2619.19 1 70.3894 4.8595 2646.66 1 505.779 333.436 2569.96 1 580.927 8.5384 2584.32 1 53.3128 -302.873 2530.21 1 603.233 -286.744 2481.51 1 320.337 111.271 2584.05 1 208.446 -112.979 2587.95 1 416.436 -118.872 2559.12 1 214.41 -564.502 2644.5 1 260.322 -992.165 2723.86 1 432.584 -569.93 2617.51 1 328.233 338.467 2594.57 1 391.775 -999.117 2691.88 1
333.097 559.19 2595.16 1 147.874 342.153 2619.81 1 66.7015 3.93291 2649.33 1 502.738 330.515 2569.3 1 581.969 8.26554 2586.15 1 53.4783 -303.103 2532.32 1 602.924 -285.127 2480.59 1 316.452 109.145 2584.69 1 203.667 -114.637 2589.63 1 411.527 -121.453 2560.03 1 209.812 -566.627 2642.47 1 252.506 -991.921 2734.86 1 427.196 -572.563 2618.37 1 325.306 336.334 2594.56 1 383.73 -1001.98 2690.27 1
333.946 561.582 2595.32 1 148.173 345.179 2620.13 1 66.8617 5.47365 2647.67 1 502.938 332.202 2569.22 1 580.994 9.62404 2584.58 1 53.4747 -302.629 2530.23 1 602.056 -283.944 2483.68 1 315.806 111.545 2584.63 1 202.155 -111.8 2589.5 1 409.956 -119.401 2559.68 1 211.514 -563.593 2643.64 1 259.653 -990.167 2727.3 1 430.813 -570.52 2616.12 1 325.556 338.69 2594.68 1 388.859 -998.701 2695.72 1
333.704 561.657 2594.89 1 147.925 345.589 2620.87 1 66.9335 6.73551 2646.34 1 502.431 332.508 2568.21 1 583.498 4.81323 2584.78 1 53.2822 -302.134 2526.47 1 605.344 -287.599 2480.77 1 315.424 111.868 2585.3 1 201.845 -111.481 2591.49 1 409.496 -119.143 2560.65 1 209.676 -563.019 2648.05 1 267.122 -989.596 2725.64 1 432.41 -570.277 2616.32 1 325.178 339.048 2594.54 1 385.299 -997.666 2697.43 1
335.272 562.856 2594.68 1 149.193 347.48 2620.08 1 67.4729 7.37315 2646.16 1 503.811 333.785 2568.31 1 583.257 5.90027 2583.4 1 53.1099 -302.828 2530.28 1 604.392 -286.623 2481.91 1 316.377 113.468 2584.94 1 202.395 -109.686 2590.83 1 410.11 -117.708 2560.52 1 212.6 -561.943 2640.47 1 265.546 -986.868 2729.36 1 433.824 -568.677 2617.27 1 326.502 340.632 2594.2 1 385.023 -997.048 2691.92 1
333.615 560.911 2596.57 1 147.584 344.531 2622.29 1 62.7326 6.68779 2647.58 1 501.788 332.057 2567.55 1 582.124 6.94914 2581.19 1 53.293 -302.212 2527.67 1 603.064 -285.829 2480.58 1 315.134 111.139 2584.87 1 201.841 -112.363 2590.86 1 409.322 -119.669 2558.79 1 216.568 -564.539 2640.23 1 257.497 -990.019 2732.63 1 427.658 -571.113 2613.51 1 324.686 338.294 2594.92 1 392.966 -999.779 2693 1
335.303 560.404 2587.02 1 148.85 344.723 2619.61 1 60.3694 6.84324 2645.3 1 502.928 330.025 2564.61 1 580.562 5.97486 2580.59 1 53.4806 -302.288 2526.45 1 601.96 -284.934 2477.31 1 315.544 110.146 2586.24 1 201.498 -112.778 2596.47 1 408.899 -121.387 2564.25 1 215.917 -564.529 2649.78 1 255.621 -992.951 2727.56 1 429.348 -572.168 2623.46 1 325.889 337.374 2592.11 1 391.794 -1001.85 2696.37 1
336.352 561.39 2591.25 1 149.459 346.318 2624.32 1 59.6762 8.93078 2642.16 1 502.672 330.131 2564.55 1 580.772 5.47833 2581.8 1 53.4343 -302.717 2527.46 1 602.046 -285.171 2478.08 1 314.419 111.089 2587.12 1 199.318 -111.306 2597.31 1 406.228 -120.788 2562.3 1 211.094 -563.954 2642.58 1 263.483 -991.431 2718.13 1 428.329 -572.004 2617.49 1 326.066 338.224 2594.43 1 386.119 -1001.34 2690.43 1
336.543 562.528 2592.37 1 149.925 347.625 2625.31 1 58.8474 9.47067 2642.59 1 503.082 330.652 2565.3 1 580.894 4.2322 2581.41 1 53.4667 -302.623 2527.73 1 601.371 -284.695 2476.05 1 314.278 112.033 2587.59 1 198.627 -110.101 2597.44 1 405.476 -120.042 2562.29 1 215.31 -562.139 2647.09 1 263.167 -991.83 2712.82 1 427.662 -571.342 2616.95 1 326.504 339.139 2595.31 1 392.537 -1000.45 2694.68 1
334.154 559.597 2593.43 1 147.17 345.623 2624.31 1 57.4254 6.73361 2644.3 1 500.47 328.686 2565.08 1 579.45 4.11657 2581.21 1 53.4663 -301.853 2520.65 1 601.567 -284.317 2476.21 1 311.449 110.094 2585.84 1 195.609 -112.006 2594.32 1 402.548 -121.927 2559.63 1 215.193 -564.258 2641.18 1 254.788 -992.253 2721.02 1 424.024 -573.338 2613.73 1 323.82 337.155 2594.7 1 394.033 -1002.65 2692.76 1
331.768 560.38 2594.44 1 145.573 344.918 2627.54 1 57.7137 6.36252 2643.14 1 498.285 330.013 2564.51 1 579.726 2.56283 2583.1 1 53.6547 -301.665 2518.36 1 601.688 -284.113 2476.35 1 310.839 110.318 2587.68 1 196.442 -112.464 2597.8 1 403.055 -121.195 2560.87 1 221.008 -564.168 2647.48 1 256.572 -992.405 2729.1 1 426.639 -572.483 2615.14 1 321.929 337.465 2596.02 1 399.32 -1000.73 2700.61 1
334.689 560.111 2595.96 1 148.002 345.289 2627.65 1 57.3602 6.18072 2644.07 1 500.955 329.811 2566.04 1 580.868 1.28109 2581.56 1 53.4358 -302.025 2521.7 1 595.44 -283.263 2469.13 1 312.912 110.457 2587.64 1 197.979 -112.103 2596.47 1 404.713 -121.168 2560.38 1 222.027 -563.976 2645.16 1 259.235 -992.59 2724.7 1 431.408 -572.419 2613.45 1 324.478 337.55 2596.85 1 392.115 -1000.29 2695.41 1
337.311 561.151 2595.72 1 149.862 346.363 2626.73 1 57.6889 7.09779 2645.03 1 502.911 330.401 2565.75 1 581.446 0.631523 2580.79 1 53.4169 -302.392 2526.21 1 597.319 -284.044 2468.73 1 314.52 111.303 2586.98 1 199.257 -111.1 2595.57 1 406.05 -120.45 2559.86 1 219.385 -563.287 2643.13 1 261.671 -990.389 2728.09 1 429.821 -572.114 2610.7 1 326.386 338.382 2596.24 1 392.938 -999.442 2696.99 1
334.943 561.701 2595.08 1 148.341 347.462 2627.32 1 53.8465 8.5505 2647.01 1 501.296 331.13 2565.87 1 581.724 0.314459 2579.88 1 53.4178 -303.324 2534.85 1 598.481 -285.055 2469.56 1 312.869 112.184 2588.33 1 197.549 -110.145 2598.05 1 404.289 -119.712 2562.06 1 213.921 -562.513 2645.34 1 259.17 -990.381 2724.88 1 427.21 -571.395 2613.21 1 324.818 339.296 2596.6 1 390.629 -998.639 2700.41 1
333.543 561.161 2594.77 1 146.711 347.076 2628.05 1 53.4266 8.27505 2646.01 1 499.322 330.5 2564.73 1 581.863 3.15723 2580.93 1 53.3814 -302.995 2534.74 1 596.731 -282.4 2473.55 1 310.942 111.664 2588.61 1 195.597 -110.605 2599.38 1 402.14 -120.315 2562.29 1 214.322 -562.56 2649.66 1 257.709 -991.734 2722.99 1 426.599 -571.837 2614.18 1 323.016 338.788 2596.39 1 390.326 -1000.12 2696.26 1
334.281 560.732 2595.12 1 147.316 346.059 2626.63 1 56.2133 8.63476 2646.5 1 500.35 330.093 2565.58 1 581.433 1.58082 2580.97 1 53.3208 -302.966 2534.6 1 602.538 -286.245 2482.98 1 312.105 110.956 2587.68 1 196.981 -111.487 2597.14 1 403.773 -120.839 2561.38 1 218.861 -563.791 2642.6 1 263.124 -991.573 2723.12 1 434.229 -571.961 2613.27 1 323.833 338.076 2596.1 1 386.881 -999.774 2691.43 1
333.43 560.891 2595.8 1 146.718 345.857 2627.71 1 57.6067 10.3161 2646.76 1 499.567 330.091 2565.52 1 581.714 2.79135 2581.48 1 53.3566 -303.501 2539.09 1 601.479 -284.538 2482.88 1 311.486 110.854 2588.06 1 196.491 -111.648 2597.72 1 403.169 -120.883 2561.29 1 216.884 -564.08 2642.82 1 257.994 -990.887 2729.91 1 433.954 -571.411 2617.91 1 323.142 337.974 2596.61 1 385.311 -1000.43 2688.42 1
334.392 561.539 2595.64 1 146.914 346.06 2626.48 1 58.8023 11.1578 2645.38 1 500.202 330.288 2566.87 1 581.358 1.89561 2582.25 1 53.1676 -303.225 2539.3 1 601.546 -283.633 2480.02 1 311.966 111.053 2588.07 1 196.904 -111.45 2596.93 1 403.846 -120.688 2562.01 1 217.419 -563.725 2643.64 1 258.937 -991.981 2723.03 1 435.745 -571.29 2617.59 1 323.558 338.174 2596.67 1 384.565 -999.581 2691.08 1
333.075 562.162 2596.07 1 146.555 347.077 2627.01 1 58.912 11.0809 2646.22 1 499.772 331.228 2566.96 1 579.684 2.94344 2580.62 1 53.0493 -303.025 2539.44 1 600.311 -282.849 2479.06 1 311.475 112.044 2588.17 1 196.34 -110.424 2596.95 1 403.233 -119.707 2561.77 1 219.167 -563.12 2637.8 1 254.161 -988.737 2731.86 1 431.282 -570.808 2615.27 1 323.164 339.152 2596.98 1 385.689 -999.269 2691.44 1
333.304 561.641 2595.74 1 146.779 346.955 2626.44 1 59.4522 11.5425 2646.58 1 500.003 331.085 2566.41 1 580.338 -0.528044 2581.28 1 52.9907 -302.98 2539.41 1 605.594 -287.859 2484.75 1 311.745 111.896 2587.94 1 196.65 -110.58 2597.04 1 403.549 -119.875 2561.88 1 217.651 -563.026 2641.57 1 258.263 -990.456 2724.49 1 433.386 -570.918 2615.01 1 323.391 339.02 2596.42 1 382.514 -998.055 2695.15 1
333.906 557.486 2595.11 1 146.878 342.771 2624.51 1 59.227 12.269 2645.29 1 500.475 327.03 2566.72 1 580.172 -0.262417 2581.15 1 53.096 -303.241 2540.65 1 604.072 -286.879 2483.07 1 312.069 107.802 2586.45 1 196.9 -114.686 2594.21 1 404.022 -123.906 2560.36 1 214.038 -566.859 2642.85 1 266.996 -995.227 2711.58 1 428.665 -575.208 2613.79 1 323.677 334.9 2595.62 1 387.686 -1003.22 2694.55 1
332.637 559.352 2596.29 1 145.378 344.286 2627.33 1 58.6152 11.1323 2645.65 1 498.553 328.869 2566.96 1 580.086 -0.129255 2581.57 1 53.0424 -303.104 2540.1 1 603.226 -286.62 2482.99 1 310.57 109.449 2588.49 1 195.738 -113.165 2597.51 1 402.612 -122.196 2562.14 1 212.966 -564.216 2655.13 1 264.105 -994.778 2710.9 1 428.362 -573.028 2618.96 1 321.966 336.577 2597.15 1 383.103 -1000.68 2699.7 1
333.912 559.731 2595.88 1 146.885 345.667 2629.13 1 59.3128 12.0644 2645.33 1 499.495 329.475 2565.77 1 580.547 1.93636 2581.78 1 53.2302 -303.245 2542.85 1 601.619 -284.502 2483.16 1 311.345 110.438 2589.57 1 196.228 -111.953 2600.26 1 402.772 -121.437 2563.14 1 215.574 -564.273 2644.62 1 260.127 -991.629 2723 1 428.522 -572.558 2617.72 1 323.19 337.571 2597.45 1 394.71 -1000.69 2700.91 1
334.252 561.087 2595.66 1 147.695 347.843 2629.15 1 59.6602 12.5385 2644.64 1 500.405 331.217 2566.41 1 581.28 1.96172 2581.89 1 53.3858 -303.028 2541.72 1 599.721 -282.765 2479.73 1 312.017 112.392 2590.33 1 196.686 -109.877 2601.24 1 403.28 -119.615 2564.49 1 210.868 -562.978 2639.88 1 270.862 -988.111 2720.89 1 431.732 -570.72 2617.86 1 324.05 339.53 2597.78 1 390.683 -998.61 2699.23 1
334.905 562.927 2595.57 1 148.366 349.336 2627.91 1 59.8307 12.7692 2644.82 1 501.424 332.445 2567.24 1 581.643 0.980465 2581.95 1 53.4621 -303.047 2541.12 1 596.663 -282.987 2478.47 1 312.702 113.769 2589.85 1 197.108 -108.406 2599.9 1 403.911 -118.3 2564.36 1 210.554 -561.105 2643.91 1 273.524 -988.679 2708.3 1 431.461 -570.035 2612.42 1 324.895 340.89 2597.57 1 388.118 -997.129 2697.06 1
332.84 562.637 2599.02 1 147.34 347.578 2629.47 1 59.9137 12.8807 2645.42 1 500.573 333.029 2569.22 1 582.319 0.493628 2580.98 1 53.5679 -302.797 2540.46 1 595.835 -283.565 2476.35 1 312.98 113.198 2589.83 1 198.55 -109.647 2597.96 1 405.457 -118.169 2562.68 1 213.576 -561.773 2647.34 1 269.637 -992.075 2699.6 1 428.44 -570.189 2610.44 1 323.957 340.304 2599.35 1 394.349 -998.439 2693.18 1
333.076 563.169 2597.24 1 147.03 346.987 2629.35 1 59.4534 11.9376 2644.7 1 500.186 332.969 2568.49 1 580.155 -2.74971 2582.48 1 53.0188 -302.654 2537.96 1 591.867 -288.134 2476.28 1 313.075 112.819 2590.12 1 199.112 -110.235 2599.14 1 405.97 -118.446 2563.5 1 209 -562.471 2648.99 1 272.922 -991.632 2703.35 1 429.704 -570.389 2611.82 1 323.608 339.978 2598.92 1 389.822 -998.148 2694.72 1
334.148 562.739 2596.36 1 148.392 346.164 2626.83 1 59.725 11.9665 2644.35 1 501.962 332.749 2568.31 1 580.578 -0.872974 2582.25 1 52.9651 -302.898 2538.65 1 594.913 -286.504 2475.91 1 315.043 112.29 2588.42 1 201.356 -110.947 2596.41 1 408.462 -118.806 2562.13 1 214.423 -563.127 2646.3 1 266.413 -993.917 2700.65 1 429.842 -570.643 2612.51 1 325.177 339.456 2597.57 1 392.773 -999.382 2691.75 1
333.349 561.806 2597.46 1 147.773 345.396 2626.99 1 63.8443 11.4649 2645.21 1 501.375 332.144 2568.59 1 580.276 -0.420623 2579.68 1 53.1476 -303.346 2541.18 1 601.115 -288.836 2481.89 1 314.514 111.607 2588.43 1 200.896 -111.675 2596.17 1 408.014 -119.437 2561.96 1 215.442 -563.515 2648.79 1 261.302 -994.728 2706.19 1 430.71 -570.181 2620.35 1 324.574 338.77 2597.79 1 384.953 -999.592 2690 1
332.971 563.291 2597.47 1 147.734 346.436 2625.76 1 65.4209 10.2308 2645.6 1 501.661 333.413 2569.33 1 579.139 -3.70928 2580.85 1 53.0558 -302.954 2537.92 1 597.433 -293.161 2478.89 1 314.798 112.766 2587.88 1 201.242 -110.578 2594.75 1 408.556 -118.207 2561.69 1 213.491 -562.521 2647.17 1 267.554 -992.207 2708.83 1 430.573 -569.334 2617.61 1 324.697 339.925 2597.54 1 386.28 -998.31 2691.35 1
334.892 561.292 2596.97 1 149.276 344.56 2624.12 1 66.2101 9.61396 2647.3 1 503.452 331.637 2569.24 1 578.571 -0.85385 2580.93 1 53.2403 -303.118 2539.18 1 595.497 -290.326 2471.51 1 316.511 110.957 2586.58 1 202.929 -112.4 2592.55 1 410.387 -119.97 2560.4 1 218.123 -564.78 2639.97 1 260.819 -993.528 2714.21 1 434.522 -571.21 2614.65 1 326.364 338.098 2596.68 1 387.785 -999.789 2689.55 1
336.611 564.192 2597.22 1 151.265 347.224 2625.54 1 66.6089 9.807 2648.15 1 505.075 333.86 2568.47 1 578.287 0.0726845 2581.46 1 53.3359 -303.081 2539.86 1 587.144 -289.577 2467.16 1 318.035 113.393 2587.36 1 204.276 -109.842 2594.43 1 411.522 -117.67 2561.01 1 216.371 -562.075 2644.17 1 261.735 -991.822 2711.68 1 431.434 -569.051 2615.76 1 328.17 340.542 2597 1 388.846 -998.669 2687.12 1
337.122 561.849 2596.34 1 150.859 346.451 2625.73 1 69.3114 8.40542 2649.08 1 504.368 331.788 2567.14 1 577.649 1.53383 2581.22 1 53.0616 -302.981 2539.63 1 583.769 -290.956 2470.6 1 316.753 111.968 2587.75 1 202.359 -110.889 2596.23 1 409.426 -119.478 2561.91 1 210.509 -564.216 2633.92 1 259.639 -991.902 2711.23 1 431.854 -570.578 2618.06 1 327.614 339.12 2596.43 1 381.168 -1000.25 2683.01 1
338.131 562.467 2595.9 1 151.514 347.124 2625.98 1 63.1599 10.7033 2647.54 1 504.729 332.121 2565.71 1 577.326 0.766089 2581.6 1 49.1199 -299.57 2538.78 1 578.66 -293.097 2472.38 1 317.078 112.46 2587.67 1 202.587 -110.309 2597.15 1 409.482 -119.097 2561.85 1 210.782 -564.297 2625.97 1 263.941 -990.306 2709.94 1 429.832 -570.504 2616.35 1 328.121 339.623 2595.85 1 390.935 -1000.54 2686.1 1
339.057 562.508 2595.68 1 150.721 348.755 2624.23 1 55.0827 13.856 2649.76 1 504.166 332.066 2565.8 1 575.167 0.878314 2578.8 1 46.0299 -298.046 2541.42 1 576.551 -294.936 2476.39 1 315.447 113.281 2587.32 1 199.934 -108.961 2596.73 1 406.965 -118.737 2562.51 1 203.747 -563.358 2620.14 1 254.899 -989.18 2706.74 1 421.087 -570.515 2615.59 1 327.444 340.411 2595.01 1 394.108 -1001.02 2687.8 1
342.245 563.859 2596.08 1 150.559 352.343 2624.89 1 48.0445 15.4311 2652.89 1 503.464 330.856 2564.97 1 573.087 0.434803 2573.91 1 22.4328 -293.228 2541.24 1 575.197 -295.472 2476.65 1 311.869 114.682 2587.11 1 193.362 -105.943 2596.85 1 400.092 -118.53 2561.75 1 191.258 -560.687 2608.87 1 239.009 -983.697 2709.19 1 410.035 -569.859 2619.3 1 327.012 341.6 2594.93 1 393.701 -1001.97 2684.6 1
340.278 563.944 2586.28 1 148.38 352.936 2623.96 1 42.5538 19.6898 2653.96 1 500.283 329.422 2559.22 1 568.574 0.238551 2574.45 1 -8.25735 -280.871 2531.03 1 562.062 -293.56 2479.72 1 308.574 114.227 2588.36 1 189.747 -105.839 2604.1 1 395.885 -119.612 2566.17 1 183.874 -560.621 2617.47 1 223.72 -986.51 2708.5 1 410.096 -569.984 2629.8 1 324.332 341.179 2591.59 1 393.562 -1003.13 2688.68 1
341.245 566.265 2582.37 1 147.745 356.102 2623.19 1 28.2794 23.3467 2652.98 1 499.503 329.972 2558.54 1 565.787 -1.38326 2570.21 1 -41.037 -270.02 2520.21 1 551.832 -294.912 2485.7 1 306.574 116.142 2589.81 1 186.509 -103.101 2607.68 1 392.539 -118.405 2569.81 1 169.461 -557.568 2608.86 1 193.767 -984.206 2701.3 1 408.945 -569.956 2623.2 1 323.624 343.037 2590.87 1 391.946 -1001.32 2693.57 1
336.405 563.483 2580.42 1 142.435 354.201 2623.33 1 -9.3564 36.6739 2644.5 1 493.446 326.414 2555.39 1 558.33 6.56003 2571.44 1 -115.76 -242.04 2503.36 1 536.94 -288.242 2499.64 1 299.838 113.474 2588.61 1 178.933 -105.222 2607.76 1 384.537 -121.498 2567.96 1 129.405 -556.271 2604.1 1 125.609 -983.651 2692.85 1 395.35 -573.1 2622.74 1 317.941 340.307 2589.36 1 388.951 -1005.84 2685.58 1
330.233 562.32 2581.95 1 136.307 353.305 2626.23 1 -48.6823 49.8411 2635.75 1 485.987 325.646 2551.88 1 546.159 -5.72371 2571.72 1 -196.042 -206.123 2493.3 1 519.931 -299.243 2500.18 1 292.929 112.642 2587.76 1 172.288 -106.09 2608.23 1 377.135 -122.293 2564.68 1 95.8452 -553.245 2608.06 1 69.9413 -968.132 2668.36 1 390.661 -573.469 2622.62 1 311.147 339.475 2589.05 1 388.974 -1006.74 2683.01 1
321.744 556.567 2570.2 1 129.675 347.711 2623.62 1 -89.3166 71.3951 2632.36 1 478.496 321.092 2544.93 1 535.938 2.1529 2571.25 1 -274.186 -160.411 2489.25 1 509.937 -292.839 2508.59 1 287.495 107.506 2587.49 1 168.747 -111.593 2613.75 1 373.062 -127.185 2567.66 1 73.2571 -555.395 2617.43 1 6.24198 -973.507 2671.7 1 388.215 -577.862 2629.15 1 304.085 334.402 2584.28 1 391.533 -1011.33 2688.49 1
311.732 554.366 2564.83 1 120.825 345.518 2620.51 1 -130.167 95.204 2628.68 1 470.131 318.968 2543.85 1 528.374 3.37918 2570.66 1 -341.911 -115.571 2487.72 1 495.368 -291.06 2509.84 1 279.516 105.343 2588.03 1 161.259 -113.782 2616.33 1 365.848 -129.332 2571.43 1 35.517 -549.39 2624.4 1 -54.1167 -974.704 2654.68 1 377.199 -580.455 2630.47 1 295.478 332.243 2582.18 1 390.801 -1014.29 2684.86 1
301.655 552.204 2571.17 1 107.502 345.286 2625.48 1 -170.589 124.612 2626.35 1 455.609 315.215 2544.87 1 511.786 -0.426657 2572.38 1 -408.031 -61.7229 2485.98 1 486.739 -296.135 2514.75 1 263.034 103.512 2589.77 1 142.555 -114.419 2617.98 1 346.47 -132.034 2570.76 1 -6.77135 -542.519 2631.73 1 -127.004 -974.892 2644.7 1 357.501 -583.805 2624.65 1 281.555 330.25 2585.17 1 381.096 -1017.35 2677.83 1
289.692 553.222 2573.82 1 95.2099 346.574 2628.12 1 -202.299 151.813 2625.18 1 442.463 315.245 2544.31 1 499.953 1.34213 2574.29 1 -461.964 -0.171084 2485.72 1 478.726 -295.346 2520.29 1 249.135 104.232 2589.32 1 127.736 -113.269 2616.97 1 331.132 -131.619 2567.88 1 -30.003 -538.886 2635.28 1 -184.473 -950.972 2627.99 1 350.677 -582.44 2626.45 1 268.837 330.909 2586.21 1 381.026 -1016.39 2672.4 1
274.322 549.334 2566.15 1 79.5985 343.29 2624.93 1 -235.65 181.908 2622.59 1 426.858 310.993 2541.42 1 484.57 1.22945 2579.06 1 -510.991 61.3242 2479.66 1 461.916 -294.818 2522.04 1 233.878 100.55 2590.35 1 112.831 -116.584 2621.97 1 316.226 -135.501 2573.06 1 -54.2718 -538.724 2644.86 1 -244.22 -944.873 2623 1 343.206 -586.003 2631.16 1 253.228 327.142 2583.18 1 378.776 -1018.42 2686.63 1
257.995 547.124 2571.3 1 60.5943 343.121 2625.85 1 -267.822 212.451 2624.28 1 407.879 306.763 2544.2 1 468.883 -0.749363 2581.82 1 -557.41 125.976 2486.62 1 445.82 -297.03 2526.03 1 211.875 98.5845 2590.71 1 87.7992 -117.124 2620.31 1 291.229 -138.422 2572.48 1 -91.8447 -534.151 2643.63 1 -307.682 -936.818 2609.84 1 324.873 -588.707 2628.86 1 234.237 324.942 2585.03 1 366.277 -1021.88 2672.49 1
237.048 541.7 2574.88 1 37.1332 340.76 2627.17 1 -292.408 241.227 2626.63 1 384.445 300.546 2547.49 1 449.267 -7.88871 2582.39 1 -589.588 181.097 2488.67 1 426.052 -303.692 2524.14 1 185.971 94.5464 2593.26 1 59.4316 -119.782 2622.54 1 262.872 -143.338 2575.86 1 -118.97 -536.872 2655.23 1 -360.708 -937.797 2603.97 1 305.933 -593.329 2627.46 1 210.789 320.653 2587.33 1 364.258 -1023.44 2678.9 1
214.899 536.936 2567.18 1 15.1937 335.218 2622.06 1 -320.726 265.635 2628.32 1 363.822 295.776 2548.06 1 426.419 -18.3804 2579.88 1 -623.767 234.171 2490.09 1 404.823 -314.75 2523.93 1 165.787 89.366 2593.83 1 39.955 -125.213 2624.28 1 244.178 -148.317 2580.93 1 -136.24 -543.428 2656.86 1 -399.15 -953.998 2592.63 1 298.658 -597.799 2624.43 1 189.508 315.497 2585.06 1 377.054 -1024.07 2679.3 1
190.692 532.065 2572.32 1 -11.8363 331.746 2624.14 1 -345.86 287.319 2632.15 1 336.977 289.797 2552.33 1 402.925 -21.1179 2575.76 1 -647.665 276.107 2489.24 1 382.293 -318.221 2523.51 1 137.19 84.8051 2596.95 1 9.65618 -128.877 2626.7 1 213.962 -153.447 2584.64 1 -175.028 -544.048 2644.4 1 -416.795 -938.322 2612.05 1 272.149 -603.192 2620.81 1 162.571 310.772 2588.24 1 364.94 -1026.57 2676.75 1
160.939 524.816 2575.38 1 -43.0516 326.061 2618.45 1 -377.896 302.623 2628.56 1 307.918 283.316 2560.01 1 373.639 -25.027 2577.27 1 -680.948 307.398 2483.04 1 360.572 -322.061 2522.73 1 106.037 78.7681 2595.96 1 -23.2151 -134.625 2619.81 1 182.498 -159.68 2585.55 1 -208.461 -549.956 2626.72 1 -434.114 -956.577 2599.43 1 250.181 -607.734 2625.86 1 132.433 304.689 2589.23 1 362.624 -1027.57 2667.87 1
116.129 511.504 2575.98 1 -88.7774 310.182 2608.06 1 -421.409 313.781 2616.84 1 264.898 270.763 2570 1 339.362 -52.4896 2578.18 1 -727.213 342.542 2478.91 1 320.876 -347.516 2513.91 1 63.4175 64.3144 2594.27 1 -65.73 -150.196 2610.76 1 143.279 -173.492 2588.26 1 -248.28 -563.589 2607.49 1 -441.799 -968.28 2622.48 1 212.891 -621.713 2616.28 1 88.0604 290.473 2589.03 1 349.368 -1032.47 2670.58 1
74.703 499.839 2585.23 1 -130.699 298.328 2605.21 1 -460.617 318.807 2606.44 1 224.364 260.525 2578.13 1 302.579 -60.7682 2581.05 1 -767.165 371.067 2479.1 1 279.292 -356.724 2521.63 1 22.6805 53.2293 2590.77 1 -105.816 -161.859 2597.83 1 102.873 -184.078 2581.91 1 -282.654 -579.354 2590.23 1 -447.159 -973.431 2619.38 1 190.332 -629.465 2603.49 1 46.8323 279.427 2591.67 1 337.887 -1036.56 2660.74 1
37.7002 497.072 2582.37 1 -167.097 293.662 2601.6 1 -494.317 320.913 2601.23 1 188.83 258.115 2580.71 1 263.943 -66.7286 2590.93 1 -796.715 385.925 2470.91 1 248.113 -362.391 2527.32 1 -11.7367 49.4883 2591.29 1 -138.731 -166.486 2597.56 1 70.0516 -187.338 2585.31 1 -308.043 -587.782 2602.28 1 -446.445 -972.557 2629.37 1 176.492 -628.201 2612.3 1 10.8665 275.888 2591.15 1 330.129 -1003.68 2642.94 1
5.27568 499.121 2570.91 1 -196.75 292.767 2598.71 1 -519.153 321.45 2597.09 1 159.637 261.399 2576.61 1 229.911 -66.7041 2601.91 1 -817.88 391.547 2465.52 1 220.826 -360.636 2529.73 1 -38.1864 50.5062 2592.7 1 -162.26 -166.878 2604.22 1 46.6268 -185.263 2591.26 1 -323.579 -591.784 2603.54 1 -439.255 -971.358 2633.46 1 166.279 -623.144 2614.55 1 -18.5564 277.083 2587.66 1 327.531 -983.637 2627.73 1
-22.4971 496.818 2557.72 1 -220.905 288.373 2591.42 1 -542.621 323.766 2592.03 1 136.235 262.637 2574.58 1 198.72 -57.0648 2610.6 1 -839.518 391.148 2455.86 1 195.056 -349.856 2533.15 1 -58.1404 48.9085 2594.1 1 -178.593 -170.147 2610.14 1 30.7014 -185.229 2600.27 1 -330.166 -598.595 2599.28 1 -432.697 -973.258 2631.81 1 162.496 -619.436 2595.36 1 -42.3349 275.505 2583 1 330.106 -995.57 2646.08 1
-51.2038 503.477 2558.57 1 -246.1 290.539 2594.08 1 -565.32 319.887 2589.5 1 111.165 271.065 2572.21 1 182.385 -51.1796 2615.61 1 -863.056 381.76 2453.53 1 177.5 -343.419 2535.68 1 -79.2388 53.8579 2592.92 1 -195.671 -167.381 2609.11 1 13.6505 -178.791 2596.3 1 -339.71 -598.553 2595.43 1 -434.23 -966.711 2623.87 1 151.227 -610.798 2572.13 1 -67.4673 280.802 2583.14 1 325.88 -993.783 2637.98 1
-73.5848 508.454 2559 1 -265.263 292.274 2595.95 1 -583.168 315.448 2585.23 1 91.9214 277.704 2569.13 1 162.086 -43.8278 2610.24 1 -881.64 371.397 2449.22 1 171.219 -337.39 2537.06 1 -95.291 57.8206 2591.15 1 -208.529 -165.08 2607.62 1 0.706154 -173.615 2591.91 1 -340.599 -600.068 2593.72 1 -428.426 -968.433 2624.99 1 146.774 -603.319 2567.45 1 -86.6709 284.989 2582.54 1 325.953 -990.676 2633.32 1
-92.1963 511.459 2559.73 1 -281.714 294.052 2595.9 1 -602.088 305.223 2579.62 1 75.5596 282.796 2567.89 1 150.534 -35.356 2611.67 1 -899.655 362.394 2446.44 1 165.628 -328.976 2538.96 1 -109.641 61.1203 2589.51 1 -220.831 -162.887 2605.34 1 -11.5797 -169.48 2588.93 1 -346.838 -599.917 2598.77 1 -427.071 -966.671 2624.48 1 140.757 -597.5 2568.74 1 -103.077 288.424 2581.89 1 323.452 -987.317 2629.01 1
-108.287 518.122 2560.1 1 -295.653 300.516 2596.77 1 -615.049 296.113 2574.81 1 61.4609 290.62 2565.92 1 139.154 -25.7887 2607.92 1 -910.864 340.186 2437.2 1 160.009 -320.808 2542.69 1 -122.824 68.1871 2587.97 1 -233.135 -156.296 2603.64 1 -23.9692 -162.092 2585.56 1 -350.967 -595.686 2601.32 1 -426.671 -959.342 2623.18 1 131.338 -589.478 2576.36 1 -117.096 295.568 2581.34 1 317.469 -970.337 2603.13 1
-114.526 524.251 2568.79 1 -302.261 306.455 2600.15 1 -625.045 281.574 2569.91 1 54.5463 296.436 2565.82 1 131.867 -14.2258 2603.9 1 -918.678 314.117 2427.09 1 147.099 -310.843 2544.44 1 -130.026 74.0173 2585.25 1 -240.692 -150.476 2597.56 1 -31.6971 -156.345 2577.46 1 -344.154 -593.35 2596.04 1 -423.733 -957.646 2616.37 1 128.835 -581.255 2555.2 1 -123.857 301.445 2582.98 1 308.953 -966.565 2616.84 1
-48.3603 480.599 2586.67 0 -246.512 277.532 2592.52 1 -581.368 247.644 2553.92 1 109.317 248.161 2566.26 1 151.254 2.1124 2604.87 1 -861.617 265.753 2405.16 1 168.842 -293.587 2541.18 1 -88.213 37.5433 2565.59 1 -212.602 -179.112 2559.52 1 -3.05471 -196.408 2544.06 1 -296.735 -609.932 2577.21 1 -406.394 -975.596 2596.91 1 157.989 -587.463 2536.82 1 -68.5976 262.847 2579.39 1 318.429 -980.543 2620.19 1
1.97805 501.933 2581.54 1 -189.643 260.566 2588.87 1 -545.689 231.811 2539.89 1 165.527 220.87 2565.17 1 196.643 -47.7597 2593.38 1 -819.751 237.026 2389.3 1 208.488 -340.758 2517.95 1 -38.2877 15.8789 2560.53 1 -168.715 -197.314 2550.98 1 39.6796 -220.606 2537.08 1 -264.654 -630.992 2596.44 1 -399.319 -1017.18 2618.94 1 216.122 -617.541 2556.6 1 -12.0578 240.718 2577.02 1 354.918 -1017.76 2652.76 1
106.277 476.525 2581.24 0 -98.9438 268.086 2596.98 1 -460.248 209.285 2552.78 1 251.743 211.808 2555.64 1 265.91 -72.6067 2578.71 1 -713.457 201.314 2393.9 1 261.126 -368.591 2518.27 1 39.185 16.3651 2564.99 1 -99.379 -190.952 2565.63 1 103.32 -223.482 2541.73 1 -203.698 -640.803 2593.16 1 -332.211 -1040.5 2642.59 1 282.106 -623.195 2575.03 1 76.3994 239.947 2576.31 1 370.446 -1038.35 2658.92 1
175.807 467.007 2579.08 0 -33.091 271.448 2599.81 1 -393.587 199.6 2554.42 1 316.575 212.526 2550.5 1 333.271 -87.7525 2576.61 1 -637.469 152.801 2393.87 1 305.273 -382.891 2520.53 1 103.016 18.2079 2567.94 1 -37.7047 -188.384 2575.11 1 166.282 -222.758 2546.34 1 -122.253 -638.961 2589.13 1 -220.603 -1052.71 2644.96 1 328.278 -636.753 2574.99 1 141.742 241.987 2575.16 1 378.435 -1053.64 2680.48 1
200.479 519.212 2568.78 1 20.9604 277.179 2600.05 1 -338.776 173.782 2551.71 1 370.124 218.247 2545.45 1 384.801 -88.8986 2577.92 1 -576.656 96.1339 2394.41 1 338.715 -382.724 2526.28 1 157.024 23.6598 2568.25 1 16.4518 -183.169 2579.72 1 220.559 -217.618 2547.8 1 -27.4311 -635.004 2565.12 1 -84.0746 -1048 2666.12 1 352.985 -645.007 2586.12 1 195.542 247.713 2572.75 1 379.825 -1066.24 2689.91 1
232.599 538.939 2572.51 1 48.191 312.034 2608.23 1 -285.381 142.367 2557.13 1 398.841 273.941 2548.06 1 420.548 -87.8696 2581.51 1 -509.951 28.0559 2399.77 1 373.707 -383.154 2535.78 1 198.688 67.305 2576.33 1 70.1723 -147.113 2592.31 1 277.548 -169.641 2556.73 1 61.487 -612.163 2553.42 1 47.1386 -1021.06 2685.95 1 367.261 -629.779 2604.13 1 223.516 292.987 2578.15 1 365.994 -1056.43 2687.6 1
253.704 548.151 2574.49 1 65.6848 327.984 2610.86 1 -233.687 116.189 2560.04 1 417.607 300.059 2550.94 1 449.509 -36.2585 2589.94 1 -447.63 -31.1323 2407.4 1 411.062 -333.629 2548.84 1 223.549 87.532 2580.16 1 101.92 -130.743 2597.06 1 308.984 -147.173 2561.8 1 101.212 -589.503 2553.17 1 109.571 -1004.24 2677.94 1 373.551 -601.945 2615.72 1 241.646 314.022 2580.9 1 350.694 -1031.7 2680.94 1
267.904 552.494 2575.98 1 76.6674 337.163 2611.63 1 -195.849 97.5913 2567.02 1 429.227 311.722 2552.73 1 463.112 -10.3415 2596.69 1 -396.479 -78.2062 2414.4 1 439.964 -308.774 2552.96 1 236.432 97.6538 2581.28 1 116.441 -121.668 2597.66 1 323.391 -136.602 2563.09 1 114.691 -577.112 2549.52 1 173.375 -988.389 2669.66 1 366.77 -590.222 2612.14 1 252.947 324.443 2582.18 1 330.053 -1019.83 2678.46 1
278.494 554.472 2576.73 1 84.897 341.585 2613.64 1 -151.926 71.2963 2576.52 1 437.303 316.415 2552.87 1 471.372 -1.74092 2596.28 1 -320.243 -139.349 2427.9 1 456.426 -300.823 2551.93 1 244.608 102.12 2581.59 1 124.795 -117.38 2597.73 1 331.437 -132.139 2562.1 1 150.041 -570.892 2562.29 1 229.411 -983.93 2671.02 1 365.645 -585.126 2608.55 1 261.1 329 2583.26 1 314.275 -1012.29 2682.93 1
286.897 551.664 2577.1 1 90.8133 342.018 2613.56 1 -115.457 49.6506 2587.76 1 443.229 314.556 2553.44 1 479.09 -3.46425 2596.69 1 -250.196 -186.826 2436.36 1 469.39 -302.232 2547.99 1 248.934 101.494 2581.07 1 127.579 -117.251 2596.26 1 334.117 -133.346 2561.03 1 165.59 -570.114 2573.6 1 246.835 -984.711 2681.46 1 370.355 -585.075 2610.63 1 267.021 328.287 2583.5 1 305.267 -1011.65 2678.88 1
290.346 552.326 2578.28 1 92.9063 343.917 2612.14 1 -75.5399 50.6819 2597.96 1 445.807 314.467 2555.84 1 487.046 -5.20284 2598.16 1 -162.603 -216.747 2466.97 1 474.744 -302.602 2541.99 1 249.996 102.485 2581.22 1 127.247 -115.595 2594.94 1 334.022 -132.85 2561.95 1 167.694 -568.133 2598.05 1 260.555 -984.419 2690.47 1 377.174 -581.176 2627.71 1 269.357 329.192 2583.99 1 292.193 -1005.73 2651.4 1
294.413 556.697 2578.37 1 95.2932 349.197 2610.49 1 -44.1586 47.5603 2609.34 1 448.464 318.173 2556.64 1 491.623 -1.14125 2597.11 1 -105.499 -237.452 2493.91 1 480.078 -298.601 2540.42 1 251.512 107.056 2580.56 1 127.698 -110.486 2593.32 1 334.591 -128.661 2561.78 1 166.191 -562.979 2611.68 1 274.476 -979.313 2684.65 1 379.145 -577.531 2622.44 1 271.879 333.685 2583.57 1 294.221 -1002.81 2661.03 1
294.506 556.33 2579.42 1 95.5022 349.498 2607.71 1 -23.0713 29.2727 2616.67 1 449.14 318.075 2557.22 1 499.058 2.15961 2597.29 1 -60.3348 -269.38 2508.82 1 480.853 -295.05 2541.09 1 251.506 107.227 2577.67 1 127.113 -110.129 2587.67 1 334.269 -128.536 2558.09 1 169.049 -562.18 2613.89 1 277.589 -979.826 2682.7 1 379.424 -577.631 2616.66 1 272.321 333.786 2582.46 1 297.399 -1003.65 2664.02 1
295.747 555.654 2578.45 1 96.1362 349.111 2606.15 1 -9.02141 13.6446 2618.84 1 449.789 317.137 2555.98 1 499.142 1.03563 2597.13 1 -19.4249 -295.379 2523.33 1 482.982 -295.716 2537.73 1 251.762 106.598 2575.99 1 126.987 -110.563 2585.62 1 334.137 -129.291 2556.22 1 178.526 -561.802 2610.44 1 279.832 -979.121 2691.78 1 380.369 -577.321 2621.42 1 272.962 333.124 2581.06 1 298.793 -1004.1 2668.41 1
294.993 555.736 2577.46 1 95.4581 349.593 2601.93 1 8.22266 30.9435 2622.09 1 449.512 316.573 2555.48 1 499.65 0.469194 2596.14 1 3.18321 -284.089 2542.32 1 484.341 -296.089 2535.34 1 250.637 106.628 2573.15 1 125.091 -110.157 2581.2 1 332.488 -129.499 2553.99 1 177.84 -561.136 2610.3 1 281.547 -978.689 2688.84 1 381.902 -576.49 2623.78 1 272.485 333.083 2578.7 1 298.72 -1003.15 2671.87 1
296.585 556.298 2577.97 1 98.4603 350.468 2598.18 1 16.9352 36.3879 2624.48 1 453.166 319.292 2555.69 1 502.918 1.00799 2595.1 1 13.0866 -282.08 2554.85 1 488.952 -295.536 2533.81 1 255.19 108.32 2571 1 130.677 -109.109 2577.51 1 338.455 -127.371 2552.62 1 194.082 -558.989 2600.46 1 281.303 -975.419 2699.02 1 391.058 -572.972 2628.55 1 275.813 334.88 2576.93 1 308.14 -1000.6 2668.56 1
295.053 554.138 2559.72 1 99.1525 347.976 2589.93 1 34.1113 40.3176 2622.3 1 453.84 318.016 2546.27 1 506.347 6.13421 2593.97 1 22.9487 -280.244 2561.4 1 489.559 -290.656 2534.63 1 257.412 106.317 2568.61 1 134.453 -111.587 2581.9 1 342.202 -129.135 2556.33 1 196.547 -561.474 2609.75 1 278.896 -978.223 2712.87 1 388.904 -575.764 2630.04 1 276.496 332.996 2568.1 1 307.878 -1003.06 2677.34 1
295.177 554.342 2551.59 1 99.7148 347.937 2583.48 1 41.7772 34.4995 2620.1 1 454.523 319.135 2539.94 1 507.58 10.0887 2591.98 1 34.6079 -286.817 2560.37 1 492.361 -286.891 2533.11 1 258.992 106.749 2564.01 1 136.953 -111.603 2579.06 1 344.776 -128.473 2553.56 1 189.943 -562.46 2609.56 1 282.093 -980.716 2696.29 1 388.375 -576.394 2620.99 1 277.119 333.536 2561.71 1 306.645 -1003.1 2672.83 1
294.57 550.769 2538.03 1 100.525 343.585 2578.1 1 43.7185 31.721 2615.74 1 454.766 314.861 2530.26 1 507.734 12.1034 2588.2 1 42.4099 -289.776 2555.58 1 493.076 -284.932 2529.41 1 260.112 102.473 2560.49 1 138.824 -115.864 2580.82 1 346.332 -132.691 2552.8 1 196.064 -566.612 2604.96 1 280.554 -983.989 2703.48 1 384.847 -580.454 2624.28 1 277.645 329.223 2554.18 1 306.199 -1008.24 2672.01 1
295.859 550.005 2531.25 1 101.116 342.567 2571.31 1 43.3805 23.8719 2609.8 1 455.814 314.199 2526.74 1 507.477 8.74494 2584.42 1 43.8597 -297.418 2547.82 1 492.503 -288.087 2524.68 1 261.224 101.603 2556.16 1 140.101 -116.869 2576.35 1 347.865 -133.485 2550.25 1 200.028 -567.659 2588.99 1 280.283 -981.179 2705.22 1 380.312 -582.84 2613.93 1 278.465 328.383 2549.03 1 306.48 -1009.2 2677.21 1
294.628 547.916 2529.36 1 100.015 340.333 2568.99 1 41.8687 22.4765 2601.08 1 454.265 312.129 2520.91 1 506.98 7.33118 2580.5 1 43.3384 -300.099 2546.23 1 491.371 -289.702 2521.92 1 259.926 99.407 2551.17 1 138.961 -119.157 2571.48 1 346.463 -135.677 2543.31 1 190.857 -570.514 2593.72 1 282.075 -985.136 2697.31 1 387.277 -580.249 2628.4 1 277.14 326.231 2544.95 1 291.573 -1005.9 2641.45 1
294.521 546.343 2526.93 1 100.054 339.37 2565.53 1 40.4158 21.6269 2594.79 1 454.232 311.327 2516.71 1 505.834 5.83179 2574.85 1 39.2499 -300.387 2536.45 1 491.296 -291.583 2517.98 1 259.928 98.4953 2546.54 1 138.988 -120.145 2566.25 1 346.438 -136.57 2537.66 1 198.028 -570.694 2588.83 1 281.193 -986.461 2695.59 1 382.427 -583.21 2615.06 1 277.143 325.348 2541.12 1 298.088 -1009.08 2655.73 1
293.523 545.677 2526.7 1 101.043 336.667 2561.86 1 37.2074 15.3116 2589.91 1 455.46 311.984 2513.01 1 504.12 4.84664 2566.45 1 36.6479 -306.498 2518.45 1 490.25 -292.988 2511.67 1 262.802 97.3147 2540.05 1 143.551 -122.467 2556.97 1 351.155 -136.925 2528.36 1 203.437 -573.157 2575.92 1 281.99 -986.465 2695.03 1 386.782 -583.409 2608.05 1 278.251 324.325 2537.43 1 307.551 -1009.54 2660.96 1
292.186 546.484 2517.59 1 100.827 335.647 2552.73 1 34.0977 7.658 2582.95 1 455.779 312.783 2507.03 1 504.903 2.33556 2558.59 1 25.7201 -313.969 2505.57 1 488.884 -294.826 2500.89 1 264.116 97.1225 2533.3 1 145.97 -123.274 2550.11 1 353.887 -136.666 2523.34 1 200.997 -573.693 2582.07 1 283.767 -989.721 2688.05 1 385.373 -581.704 2612.3 1 278.303 324.215 2529.88 1 295.154 -1004.33 2639.1 1
290.155 543.005 2512.53 1 99.1029 331.661 2548.77 1 24.0442 6.33262 2575.48 1 453.411 309.297 2498.23 1 506.055 1.16689 2551.28 1 12.1636 -314.185 2493.39 1 496.266 -294.465 2485.69 1 262.304 93.3538 2526.19 1 144.577 -127.221 2543.68 1 352.123 -140.322 2514.07 1 190.281 -578.517 2578.29 1 281.403 -992.166 2687.2 1 377.986 -588.833 2583.42 1 276.257 320.479 2523.5 1 293.477 -1010.01 2644.66 1
283.146 540.563 2502 1 92.5791 328.629 2542.08 1 8.01666 4.17175 2565.24 1 445.789 305.988 2484.72 1 518.521 -5.42144 2530.64 1 -28.6415 -302.287 2459.15 1 522.452 -295.703 2453.43 1 254.958 90.1888 2515.45 1 137.274 -130.299 2534.29 1 344.19 -143.562 2500.69 1 173.528 -581.751 2576.62 1 253.955 -997.328 2686.68 1 373.195 -594.406 2521.49 1 269.184 317.308 2513.4 1 292.159 -1003 2636.83 1
278.809 539.846 2496.23 1 89.0084 326.503 2534.97 1 -14.9973 8.08629 2550.13 1 441.944 305.849 2475.04 1 535.253 -6.21073 2514.31 1 -76.3743 -288.599 2433.44 1 556.221 -289.754 2423.17 1 252.345 88.9856 2505.97 1 135.856 -132.157 2524.48 1 342.57 -144.254 2489.38 1 170.077 -583.274 2572.72 1 254.948 -996.642 2687.99 1 383.18 -595.066 2482.16 1 265.476 316.176 2505.01 1 304.886 -995.959 2628.19 1
275.652 535.447 2485.36 1 86.7584 322.527 2523.77 1 -36.5059 16.0376 2533.56 1 439.967 303.106 2464.89 1 551.121 -3.09942 2496.17 1 -124.953 -268.812 2411.53 1 588.59 -277.537 2385.31 1 250.971 85.58 2494.95 1 135.142 -135.969 2512.82 1 342.018 -147.344 2478.33 1 170.073 -585.553 2572.83 1 244.969 -1001.5 2685.59 1 387.22 -596.635 2442.34 1 263.363 312.816 2494.33 1 311.961 -991.166 2609.76 1
272.434 533.794 2470.91 1 83.4997 320.665 2510.58 1 -59.7597 27.0172 2515.27 1 437.004 302.25 2453.08 1 576.556 7.45218 2473.59 1 -180.591 -240.516 2389.68 1 631.364 -258.77 2353.47 1 248.623 84.1827 2483.12 1 133.465 -137.699 2501.25 1 340.522 -148.485 2467.58 1 167.056 -585.947 2571.26 1 242.646 -1000.55 2688.76 1 380.768 -596.172 2407.94 1 260.252 311.457 2481.83 1 330.126 -995.319 2575.07 1
270.159 535.25 2457.69 1 81.8845 321.698 2496.58 1 -83.8834 38.5104 2499.13 1 435.914 303.515 2442.38 1 599.275 21.2243 2454.8 1 -238.038 -208.773 2371.45 1 678.754 -227.867 2315.72 1 247.507 85.322 2471.32 1 132.427 -136.637 2489.03 1 339.802 -147.288 2457.28 1 169.743 -583.967 2563.41 1 234.583 -998.316 2687.63 1 383.371 -590.72 2372.46 1 258.899 312.606 2469.48 1 347.918 -996.658 2528.12 1
268.861 532.582 2425.58 1 81.8159 320.285 2470.29 1 -120.96 65.2713 2476.07 1 436.25 300.926 2419.24 1 636.617 52.5975 2423.39 1 -309.888 -153.364 2344.09 1 752.629 -169.371 2269.84 1 247.524 83.4466 2451 1 132.209 -138.043 2472.19 1 339.82 -149.383 2442.29 1 171.174 -586.071 2541.66 1 230.249 -995.65 2682.56 1 380.07 -582.639 2318.01 1 259.033 310.606 2444.77 1 374.849 -1001.98 2426.06 1
268.795 532.984 2402.52 1 82.2453 321.036 2449.09 1 -147.478 88.6365 2454.53 1 436.595 300.264 2397.94 1 664.809 81.2973 2396.69 1 -365.95 -100.236 2321.79 1 814.278 -109.45 2234.24 1 247.335 83.5832 2432 1 131.473 -137.4 2455.47 1 339.027 -149.567 2425.51 1 174.099 -583.708 2533.14 1 226.482 -992.022 2680.67 1 379.952 -578.351 2283.68 1 259.42 310.65 2423.51 1 388.851 -1005.96 2321.68 1
270.492 528.103 2383.99 1 82.8128 317.297 2429.75 1 -174.227 109.325 2436.27 1 436.991 295.612 2377.74 1 688.913 110.14 2371.83 1 -415.315 -48.4927 2297.28 1 864.236 -50.3468 2203.06 1 247.271 79.4073 2412.4 1 130.913 -141.289 2436.29 1 338.369 -153.991 2405.83 1 170.632 -586.793 2520.01 1 226.077 -990.612 2678.42 1 379.707 -579.457 2252.42 1 259.902 306.454 2403.74 1 399.23 -1007.49 2229.42 1
272.858 525.998 2365.77 1 89.1668 310.835 2407.35 1 -189.108 130.661 2419.67 1 444.222 298.102 2359.43 1 711.462 132.073 2346.95 1 -446.034 -4.24001 2278.13 1 909.612 7.13061 2172.9 1 259.564 77.2035 2390.95 1 148.41 -146.331 2412.54 1 356.459 -153.792 2384.46 1 187.24 -590.154 2505.01 1 245.15 -989.854 2672.83 1 399.014 -576.595 2223 1 266.695 304.469 2383.39 1 419.141 -1001.36 2153.5 1
275.406 521.34 2344.62 1 93.737 305.009 2384.73 1 -207.558 154.328 2398.84 1 449.012 296.822 2337.13 1 737.228 152.54 2319.48 1 -482.666 43.3086 2263.77 1 954.536 58.8424 2144.7 1 267.099 73.5459 2368.12 1 158.784 -151.426 2389.25 1 366.862 -156.221 2361.37 1 183.223 -593.095 2494.43 1 238.597 -987.936 2674.08 1 388.264 -579.008 2196.32 1 271.375 300.915 2360.93 1 414.591 -993.696 2079.76 1
281.338 512.622 2304.04 1 100.209 295.531 2347.15 1 -229.279 184.163 2368.92 1 455.032 288.161 2295.94 1 769.612 179.271 2283.73 1 -522.932 122.32 2240.78 1 1012.05 134.083 2120.21 1 273.935 64.4384 2328.74 1 166.125 -160.807 2350.95 1 374.373 -165.132 2320.9 1 182.186 -603.34 2454.42 1 232.938 -985.032 2659.99 1 382.454 -582.27 2148.66 1 277.621 291.846 2321.55 1 405.199 -985.707 1993.73 1
288.113 506.871 2271.26 1 107.423 289.433 2313.51 1 -237.641 213.078 2342.47 1 462.373 282.892 2262.86 1 771.093 205.617 2257.79 1 -541.557 187.571 2223.09 1 1029.24 189.21 2105.94 1 281.561 58.7029 2294.17 1 174.166 -166.839 2315.01 1 382.281 -170.674 2285.31 1 183.625 -606.168 2431.86 1 233.427 -977.006 2656.67 1 378.988 -589.791 2113.12 1 284.898 286.162 2288.19 1 403.295 -991.572 1947.94 1
292.778 494.746 2234.37 1 112.317 275.406 2280.44 1 -237.318 229.039 2318.74 1 466.883 268.455 2227.16 1 774.512 219.576 2233.41 1 -547.091 242.078 2210.79 1 1042.56 230.565 2094.13 1 286.088 44.4737 2260.11 1 178.682 -180.946 2282.03 1 386.472 -185.02 2250.8 1 183.675 -616.501 2412.46 1 231.126 -978.579 2652.02 1 374.293 -606.259 2081.8 1 289.6 271.93 2253.8 1 396.605 -1003.27 1902.68 1
295.705 483.569 2203.43 1 115.707 264.766 2249.6 1 -237.162 248.024 2296.38 1 470.016 257.571 2194.6 1 779.793 233.293 2207.74 1 -547.069 282.621 2191.2 1 1052.96 263.207 2076.93 1 288.909 33.6772 2226.4 1 181.164 -191.707 2246.82 1 388.751 -195.922 2214.59 1 184.039 -623.902 2388.31 1 227.977 -981.473 2635.81 1 372.559 -614.489 2038.17 1 292.862 261.169 2222.1 1 406.95 -1016.8 1872.4 1
303.064 480.264 2175.95 1 122.586 260.564 2219.13 1 -232.582 258.012 2273.19 1 476.872 253.546 2163.9 1 782.602 241.073 2179.56 1 -547.234 304.406 2182.92 1 1059.97 283.592 2058.3 1 295.446 29.5446 2192.95 1 187.391 -195.91 2210.56 1 394.937 -200.021 2178.21 1 190.884 -623.662 2364.92 1 228.507 -979.102 2616.87 1 379.405 -612.986 1988.75 1 299.729 257.055 2191.51 1 406.914 -1028.22 1861.68 1
309.904 475.216 2150.21 1 128.134 256.924 2189.24 1 -216.288 261.505 2252.1 1 482.483 249.186 2134.48 1 790.035 246.571 2150.63 1 -528.519 319.092 2168.73 1 1066.69 296.17 2027.88 1 300.12 25.5702 2160.43 1 191.147 -199.648 2175.04 1 398.718 -204.181 2142.97 1 191.54 -625.704 2334.51 1 224.114 -971.121 2600.39 1 372.896 -612.852 1944.24 1 305.308 253.055 2161.86 1 386.851 -1045.51 1879.78 0
317.116 471.851 2114.34 1 134.962 256.026 2158.7 1 -216.139 262.252 2233.06 1 489.12 245.213 2103.31 1 794.441 248.007 2122.57 1 -531.162 322.889 2155.59 1 1074.27 296.229 2005.28 1 305.309 23.181 2132.36 1 193.347 -201.044 2150.18 1 403.807 -207.47 2117.26 1 187.662 -625.009 2315.14 1 221 -961.332 2592.39 1 375.598 -620.82 1929.82 1 312.041 250.619 2131.01 1 367.753 -1035.23 1813.26 1
327.579 477.983 2077.9 1 145.324 263.27 2121.09 1 -213.061 260.633 2200.02 1 499.56 250.771 2066.54 1 798.469 241.401 2084.03 1 -534.305 305.923 2131.73 1 1080.26 277.288 1966.79 1 314.655 29.6003 2095.35 1 202.494 -194.137 2112.96 1 411.241 -201.503 2080.82 1 188.034 -619.067 2277.44 1 225.3 -950.557 2560.24 1 379.187 -609.567 1881.75 1 322.442 257.021 2093.81 1 375.194 -1043.17 1822.43 0
333.771 484.337 2054.19 1 150.241 269.98 2094.7 1 -205.023 248.821 2175.02 1 504.368 256.407 2039.67 1 805.71 230.899 2052.62 1 -531.019 283.063 2106.32 1 1085.87 250.364 1928.42 1 318.699 35.7905 2067.9 1 206.071 -187.626 2084.77 1 414.117 -195.599 2052.44 1 180.682 -608.085 2257.57 1 218.746 -934.033 2546.77 1 370.158 -611.667 1873.2 1 327.304 263.193 2067.19 1 368.175 -1048.32 1843.74 0
335.28 486.078 2027.33 1 152.719 272.2 2073.73 1 -199.5 237.401 2154.01 1 506.298 258.108 2015.47 1 807.991 220.555 2026.26 1 -525.907 255.692 2084.47 1 1090.85 227.274 1906.68 1 321 37.7792 2047.96 1 208.779 -185.462 2068.41 1 416.203 -193.729 2034.23 1 176.528 -602.319 2248.16 1 215.684 -925.698 2540.24 1 367.157 -617.88 1876.55 1 329.509 265.154 2044.6 1 366.17 -1055.29 1861.89 0
338.253 490.859 2012.91 1 155.238 276.34 2058.81 1 -195.746 219.203 2136.52 1 508.65 261.934 1999.57 1 806.506 207.109 2007.29 1 -521.459 221.149 2059.55 1 1085.97 195.961 1880.91 1 323.117 41.7556 2031.83 1 210.709 -181.403 2051.83 1 417.873 -189.848 2017.11 1 176.625 -595.618 2237.23 1 212.566 -919.259 2529.52 1 363.282 -618.032 1872.71 1 331.944 269.137 2029.19 1 362.79 -1055.63 1865.4 0
340.369 494.316 2001.69 1 156.272 279.249 2047.07 1 -189.377 194.606 2120.27 1 509.024 264.705 1984.13 1 801.073 180.737 1986.34 1 -511.63 164.518 2038.23 1 1069.72 141.828 1845.9 1 323.567 44.5924 2017.25 1 211.131 -178.531 2037.34 1 417.843 -187.054 2000.47 1 172.446 -591.919 2223.7 1 211.238 -911.925 2519.61 1 360.967 -618.674 1867.64 1 332.648 271.977 2015.6 1 360.721 -1056.31 1864 0
341.471 495.805 1995.08 1 157.62 280.112 2041.2 1 -180.189 170.304 2111.64 1 509.766 265.523 1974.99 1 792.783 155.115 1974.48 1 -497.075 118.365 2020.42 1 1052.76 96.1399 1824.59 1 324.508 45.4306 2009.35 1 212.167 -177.683 2030 1 418.479 -186.23 1991.21 1 171.432 -588.226 2222.08 1 211.66 -909.168 2516.83 1 362.141 -622.422 1874.01 1 333.693 272.818 2008.1 1 362.018 -1060.07 1872.19 0
336.902 490.632 1992.77 1 154.885 275.016 2040.93 1 -176.596 147.149 2106.31 1 506.398 262.675 1971.05 1 782.989 130.008 1967.07 1 -490.537 75.2514 2015.1 1 1034.92 51.9492 1811.69 1 322.937 41.407 2007.4 1 212.269 -182.417 2029.28 1 418.195 -189.646 1988.34 1 170.713 -590.397 2226.57 1 209.125 -914.418 2518.18 1 356.933 -626.632 1876.71 1 330.641 268.845 2005.99 1 356.872 -1064.29 1875.8 0
333.473 485.587 1991.61 1 153.041 270.476 2043.68 1 -175.792 126.067 2106.15 1 503.844 259.202 1970.16 1 771.693 106.747 1966.48 1 -485.487 34.7742 2013.83 1 1010.83 13.09 1799.87 1 321.709 37.3846 2009.67 1 212.228 -186.768 2033.95 1 417.721 -193.372 1990.89 1 170.264 -595.083 2230.56 1 210.124 -913.881 2527.61 1 354.456 -629.633 1877.55 1 328.443 264.839 2006.92 1 354.425 -1067.29 1877.09 0
326.73 481.552 1995.53 1 149.063 264.006 2051.36 1 -171.898 102.529 2109.57 1 499.33 255.779 1974.95 1 759.492 84.5164 1971.16 1 -473.836 -6.16682 2009.99 1 985.96 -24.5709 1796.23 1 319.501 32.3938 2016.13 1 212.217 -192.695 2041.47 1 417.393 -197.514 1996.72 1 171.531 -601.756 2236.83 1 211.331 -916.171 2538.53 1 351.711 -630.66 1873.26 1 324.196 259.892 2013.15 1 351.695 -1068.32 1873.03 0
315.885 468.794 2018.48 1 141.967 248.559 2075.06 1 -159.961 71.7691 2126.77 1 491.378 246.78 1994.7 1 739.23 51.2534 1988.55 1 -451.6 -56.2797 2020.86 1 939.38 -80.7068 1802.05 1 315.693 20.1401 2035.66 1 213.456 -206.874 2059.72 1 415.969 -207.905 2013.14 1 171.337 -614.565 2257.62 1 211.254 -929.326 2559.01 1 356.298 -629.67 1856.97 1 316.672 247.669 2034.88 1 330.477 -1045.88 1766.01 1
305.69 460.243 2041.97 1 137.136 233.791 2098.87 1 -151.984 48.8865 2148.39 1 486.156 239.034 2017.05 1 722.105 20.6245 2008.75 1 -431.282 -94.3267 2035.93 1 901.343 -125.459 1809.89 1 314.598 8.93427 2055.97 1 215.315 -220.08 2077.96 1 419.784 -217.008 2030.03 1 171.342 -628.296 2274.38 1 215.024 -941.109 2577.26 1 360.505 -631.719 1855.09 1 311.646 236.412 2057.96 1 319.284 -1035.81 1716.48 1
297.625 457.942 2077.7 1 132.273 227.3 2131.52 1 -140.025 30.4683 2169.21 1 479.867 239.42 2044.7 1 701.004 1.28653 2030.82 1 -408.62 -121.13 2049.21 1 861.851 -157.387 1825.94 1 312.143 6.10453 2080.7 1 217.844 -224.651 2098.36 1 418.588 -217.651 2048.22 1 172.404 -631.695 2296.87 1 215.143 -944.033 2600.41 1 361.956 -630.679 1867.14 1 306.07 233.36 2088.11 1 315.39 -1030.49 1707.82 1
285.193 458.039 2125.56 1 124.838 224.124 2182.4 1 -123.516 10.7302 2211.07 1 471.205 243.658 2092.15 1 676.501 -12.8526 2065.89 1 -372.46 -160.631 2080.72 1 809.799 -201.233 1875.31 1 308.812 6.80973 2129.54 1 220.439 -225.864 2147.64 1 418.766 -214.679 2095.96 1 171.212 -625.984 2345.01 1 221.35 -949.873 2634.36 1 369.113 -627.731 1912.26 1 298.022 233.891 2137.27 1 325.315 -1026.23 1743.02 1
272.9 464.582 2168 1 116.87 229.15 2227.74 1 -110.757 -3.14223 2248.01 1 462.395 253.395 2135.23 1 649.757 -22.9188 2100.94 1 -340.158 -193.334 2112.99 1 763.734 -232.038 1922.01 1 303.905 14.312 2175.31 1 220.599 -219.495 2195.26 1 415.757 -205.801 2143.01 1 170.573 -626.208 2385.82 1 226.134 -959.723 2662.86 1 376.838 -618.787 1956.45 1 289.633 241.272 2181.48 1 341.388 -1016.55 1780.77 1
265.017 469.904 2208.24 1 109.169 233.054 2266.25 1 -100.885 -10.0734 2282 1 454.897 258.824 2174.69 1 626.873 -25.9583 2138.97 1 -308.796 -218.958 2141.81 1 719.423 -251.796 1969.23 1 297.556 18.9986 2215.21 1 217.197 -215.088 2235.35 1 408.961 -200.795 2184.56 1 167.342 -630.711 2408.85 1 229.336 -973.577 2672.67 1 380.876 -613.544 1995.49 1 282.033 245.939 2220.47 1 354.856 -1010.75 1815.54 1
256.755 476.373 2243.85 1 101.306 239.126 2302.9 1 -89.9368 -18.0413 2313 1 446.457 264.886 2209.08 1 606.441 -30.4742 2173.48 1 -282.225 -238.011 2169.13 1 676.25 -269.605 2013.28 1 289.887 25.0478 2252.55 1 211.097 -208.985 2274.89 1 400.687 -194.836 2223.35 1 168.785 -631.142 2436.12 1 232.702 -978.748 2693.59 1 384.123 -608.346 2034.57 1 273.882 252.006 2255.99 1 368.689 -1006.12 1853.98 1
251.551 485.277 2281.67 1 94.0195 248.404 2338.06 1 -84.475 -23.0141 2342.51 1 438.499 273.326 2241.55 1 589.215 -37.2449 2210.25 1 -251.038 -260.939 2195.84 1 640.013 -285.482 2057.04 1 281.17 33.865 2284.4 1 202.223 -199.925 2305.3 1 389.939 -186.345 2252.71 1 167.459 -630.506 2444.45 1 234.461 -979.269 2699.86 1 385.407 -603.994 2072.86 1 266.259 260.865 2289.8 1 381.296 -1005.66 1900.4 1
247.728 492.285 2307.57 1 89.5633 255.144 2363.44 1 -78.2444 -30.502 2369.25 1 434.964 279.158 2270.04 1 578.102 -36.6286 2244.62 1 -223.321 -281.246 2222.06 1 600.385 -296.328 2099.33 1 276.984 40.0996 2312.81 1 194.347 -193.72 2335.19 1 389.062 -180.183 2282.54 1 167.793 -629.622 2459.9 1 241.565 -977.674 2714.5 1 373.418 -603.418 2115.81 1 262.264 267.151 2316.74 1 371.318 -1032.11 2027.72 0
244.73 503.265 2343.52 1 83.3839 269.421 2393.57 1 -67.1278 -32.7468 2396.12 1 428.714 290.971 2299.28 1 564.551 -38.3192 2275.83 1 -195.017 -294.393 2250.92 1 578.631 -305.889 2136.1 1 268.209 53.109 2339.06 1 181.162 -180.169 2358.78 1 379.578 -167.787 2304.61 1 159.538 -619.586 2472.87 1 232.75 -977.716 2712.73 1 354.185 -591.795 2141.07 1 256.049 280.196 2346.43 1 353.141 -1027.25 2097.27 0
239.564 513.46 2368.99 1 75.8937 280.358 2422.08 1 -56.0786 -33.3618 2433.56 1 422.241 299.386 2331.09 1 552.245 -20.8372 2324.04 1 -145.926 -313.065 2295.87 1 555.054 -301.36 2210.3 1 260.508 62.6653 2372.62 1 171.788 -170.044 2394.96 1 372.107 -159.039 2342.33 1 165.629 -611.667 2502.26 1 231.823 -981.421 2725.38 1 355.763 -591.788 2202.21 1 249.067 289.872 2376.58 1 355.244 -1028.9 2180.46 0
237.062 522.903 2397.22 1 72.3519 289.252 2445.4 1 -44.033 -35.6856 2458.27 1 419.791 307.179 2358.47 1 538.377 -8.30393 2362.53 1 -108.118 -330.305 2336.09 1 531.41 -296.819 2267.91 1 256.547 70.9608 2396.94 1 165.906 -161.511 2417.24 1 368.14 -151.076 2366.64 1 172.812 -606.637 2507.99 1 232.875 -986.576 2714.99 1 365.423 -586.061 2234.16 1 246.071 298.215 2401.93 1 376.566 -1014.56 2276.73 1
236.744 529.284 2427.83 1 68.1337 297.368 2468.16 1 -30.0047 -37.3551 2480.1 1 416.372 311.361 2383.78 1 525.069 4.19835 2396.55 1 -76.2304 -341.175 2367.55 1 521.675 -289.037 2313.46 1 249.201 77.1459 2416.97 1 154.473 -154.158 2432.6 1 357.825 -145.987 2383.33 1 163.79 -600.747 2517.61 1 228.049 -989.672 2705.56 1 360.846 -583.86 2260.46 1 242.253 304.364 2425.97 1 374.875 -1002.13 2360.43 1
235.115 530.555 2442.14 1 64.8752 299.439 2482.65 1 -18.0077 -37.6721 2497.05 1 413.941 310.84 2401.34 1 514.345 6.76384 2423.1 1 -47.3182 -349.671 2399.32 1 511.298 -289.645 2349.38 1 245.091 77.8002 2434.51 1 148.7 -152.873 2450.81 1 352.847 -146.205 2403.25 1 171.466 -599.142 2535.11 1 230.238 -995.913 2708.12 1 363.961 -587.835 2295.91 1 239.408 305.139 2441.99 1 382.84 -993.005 2442.4 1
235.503 534.053 2457.8 1 64.9149 302.913 2495 1 -9.00285 -36.837 2516.02 1 414.886 313.888 2417.61 1 507.478 9.7939 2442.54 1 -19.9014 -354.282 2433.17 1 502.111 -289.259 2379.14 1 245.327 81.0394 2448.6 1 148.335 -149.534 2463.55 1 353.172 -143.11 2418.25 1 179.601 -595.563 2547.12 1 237.01 -996.353 2711.94 1 367.072 -587.789 2324.47 1 239.901 308.401 2456.31 1 385.393 -981.645 2503.65 1
237.273 538.288 2466.63 1 67.4206 307.976 2504.54 1 -1.22545 -22.5923 2534.48 1 418.237 318.715 2431.03 1 503.537 10.9817 2464.74 1 -0.584742 -342.987 2468.22 1 496.997 -288.919 2403.93 1 248.599 85.9307 2462.1 1 151.664 -144.629 2477.93 1 357.076 -138.34 2434.89 1 182.275 -589.971 2565.97 1 249.319 -997.063 2709.14 1 375.57 -587.316 2370.8 1 242.829 313.346 2467.78 1 375.931 -980.86 2556.05 1
240.666 542.703 2486.55 1 69.7083 313.605 2517.89 1 8.38553 -8.82063 2547.13 1 421.159 324.487 2447.45 1 497.303 13.9863 2486.7 1 7.088 -331.391 2493.39 1 496.806 -286.14 2426.07 1 250.556 91.7682 2473.12 1 152.77 -138.696 2484.19 1 358.588 -132.323 2442.94 1 174.767 -585.919 2564.61 1 264.585 -990.358 2702.21 1 373.375 -583.767 2394.97 1 245.434 319.046 2482.67 1 363.062 -971.331 2594.25 1
246.007 544.048 2507 1 73.2207 315.273 2532.11 1 18.4951 -0.198092 2564.67 1 425.607 326.156 2466.6 1 497.049 20.5008 2508.5 1 16.3134 -324.232 2520.4 1 499.86 -280.973 2454.94 1 254.13 93.5592 2486.98 1 155.645 -136.783 2493.79 1 362.046 -130.409 2455.42 1 176.359 -582.228 2583.89 1 274.127 -990.866 2702.52 1 377.838 -582.836 2449.52 1 249.414 320.714 2499.35 1 348.875 -970.645 2647.51 1
252.724 546.315 2523.72 1 77.8218 320.122 2544.29 1 28.1031 1.18295 2576.42 1 430.896 328.785 2482.22 1 498.214 20.8072 2524.9 1 33.7936 -323.647 2538.85 1 503.517 -281.692 2477.45 1 257.353 97.4036 2498.6 1 156.947 -132.184 2502.12 1 363.749 -127.11 2465.77 1 173.137 -576.377 2599.22 1 277.621 -989.06 2695.66 1 383.307 -578.711 2492.1 1 254.359 324.454 2513.25 1 335.048 -972.57 2673.33 1
258.055 547.316 2532.58 1 82.1809 322.974 2553.13 1 37.8164 2.48167 2583.57 1 435.454 329.798 2491.86 1 499.999 23.5685 2538.53 1 42.6842 -323.009 2550.84 1 504.75 -279.338 2493.11 1 260.762 99.2719 2508.41 1 159.251 -129.84 2512.28 1 366.164 -125.843 2476.39 1 175.636 -574.721 2606.56 1 282.589 -988.63 2697.3 1 388.173 -574.731 2532.86 1 258.817 326.386 2522.49 1 331.208 -979.761 2682.65 1
263.507 551.772 2545.51 1 86.6322 327.206 2562.56 1 44.4314 2.96302 2590.04 1 440.336 332.496 2503.64 1 502.413 23.9689 2549.2 1 46.8309 -322.57 2556.58 1 506.874 -278.614 2501.4 1 264.295 102.82 2517.58 1 161.517 -125.76 2519.31 1 368.694 -122.661 2484.8 1 179.418 -571.083 2611.42 1 275.469 -989.515 2693.54 1 391.283 -569.182 2561.42 1 263.484 329.851 2533.1 1 334.146 -982.412 2687.93 1
271.862 554.274 2552.47 1 93.1063 331.462 2569.14 1 48.5222 9.4871 2598.19 1 447.177 333.419 2512.31 1 504.914 25.9627 2557.73 1 49.5686 -315.625 2560.58 1 510.495 -276.441 2508.76 1 269.156 105.312 2526.77 1 164.471 -122.389 2529.46 1 371.87 -121.243 2496.17 1 184.19 -568.378 2617.96 1 276.653 -988.36 2697.6 1 395.318 -565.313 2588.22 1 270.141 332.44 2540.73 1 334.36 -983.765 2695.76 1
278.403 551.638 2555.94 1 97.4112 331.163 2573.23 1 50.117 12.3984 2602.43 1 451.842 328.953 2518.8 1 508.08 30.0145 2566.66 1 51.4595 -312.686 2564.24 1 517.602 -272.484 2518.97 1 271.443 102.826 2534.52 1 164.452 -123.759 2538.96 1 372.067 -125.054 2507.07 1 186.791 -571.094 2619.39 1 271.817 -993.201 2696.46 1 394.971 -569.138 2601.71 1 274.627 330.058 2546.02 1 328.232 -989.687 2699.22 1
287.107 550.466 2557.69 1 104.047 331.58 2576.85 1 51.0803 12.8898 2606.12 1 458.747 325.814 2524.45 1 512.582 26.9285 2575.47 1 51.9931 -311.952 2565.79 1 523.182 -275.12 2525.16 1 276.315 101.402 2541.26 1 167.351 -124.204 2547.22 1 375.114 -127.581 2516.53 1 189.128 -572.355 2623.31 1 279.693 -993.659 2698.88 1 400.564 -570.794 2615.62 1 281.397 328.697 2550.65 1 327.289 -993.145 2700.66 1
293.552 555.026 2558.58 1 108.22 337.202 2582.12 1 50.9567 15.0712 2609.73 1 463.022 327.761 2530.95 1 515.85 23.8151 2581.61 1 51.9656 -308.947 2563.52 1 524.584 -278.237 2530.89 1 278.664 105.141 2550.24 1 167.796 -119.435 2558.93 1 375.619 -124.965 2528.96 1 188.874 -568.33 2630.83 1 277.77 -990.744 2702.38 1 403.017 -566.912 2633.53 1 285.621 332.481 2556.53 1 320.901 -990.88 2699.21 1
306.574 560.024 2568.5 1 120.345 344.088 2585.62 1 53.1829 22.3849 2618.88 1 476.343 332.859 2545.3 1 517.697 24.5342 2589.45 1 51.9761 -299.904 2562.61 1 525.625 -277.952 2541.25 1 290.387 111.165 2558.51 1 178.124 -112.854 2563.38 1 386.736 -119.434 2539.75 1 195.822 -563.233 2625.71 1 293.729 -982.845 2701.43 1 418.575 -561.298 2643.72 1 298.344 338.474 2565.46 1 331.335 -986.036 2698.67 1
316.797 561.335 2581.97 1 128.437 345.903 2592.06 1 54.6099 13.6769 2622.43 1 484.874 333.603 2555.43 1 525.178 22.9771 2592.78 1 55.7119 -309.284 2556.32 1 523.273 -278.946 2541.56 1 297.731 112.637 2563.17 1 184.438 -110.877 2563.32 1 393.177 -118.08 2541.87 1 193.348 -562.34 2618.84 1 287.424 -982.067 2698.93 1 414.684 -561.97 2639.14 1 306.656 339.753 2573.74 1 328.237 -987.487 2691.5 1
324.787 562.776 2588.21 1 134.611 347.669 2594.69 1 59.3785 23.4444 2628.12 1 491.579 333.825 2564.3 1 529.62 18.3078 2594.68 1 54.3442 -298.003 2560.83 1 524.173 -284.078 2546.15 1 303.294 113.705 2567.8 1 188.947 -109.282 2565 1 398.04 -117.391 2547.2 1 197.421 -561.152 2618.03 1 283.266 -981.131 2705.3 1 411.693 -561.669 2644.34 1 313.095 340.747 2579.49 1 328.39 -987.826 2697.73 1
331.06 562.313 2592.84 1 138.63 348.426 2598.03 1 66.1866 30.6357 2631.35 1 495.69 332.265 2569.37 1 534.433 16.9222 2597.42 1 54.0747 -289.88 2563.55 1 522.895 -284.709 2545.5 1 305.867 113.423 2570.96 1 190.013 -108.767 2566.62 1 399.133 -118.232 2549.83 1 192.372 -561.374 2613.36 1 282.176 -979.568 2705.36 1 405.65 -563.933 2640.98 1 317.16 340.345 2583.7 1 323.687 -990.055 2697.23 1
336.587 561.106 2595.14 1 142.295 349.429 2601.17 1 69.7618 34.5417 2635.1 1 499.238 329.032 2573.67 1 540.374 15.9519 2600.34 1 52.3635 -284.757 2564.2 1 528.882 -286.604 2553.96 1 306.881 112.417 2575.42 1 188.459 -108.422 2571.48 1 397.533 -120.369 2555.37 1 199.812 -561.141 2615.48 1 277.718 -980.944 2710.46 1 399.668 -566.985 2642.43 1 320.766 339.23 2587.42 1 321.052 -993.711 2699.12 1
342.874 557.781 2605.79 1 146.742 348.112 2606.18 1 73.9097 37.0377 2637.76 1 503.482 323.657 2579.28 1 544.203 14.0719 2604.9 1 54.6359 -280.542 2560.61 1 530.698 -287.158 2551.24 1 308.376 109.569 2576.53 1 187.163 -109.584 2568.22 1 396.118 -123.908 2552.46 1 198.502 -562.849 2606.79 1 280.678 -981.536 2703.54 1 401.711 -571.207 2635.99 1 325.112 335.884 2592.73 1 318.642 -997.23 2691.66 1
350.889 556.814 2600.13 1 152.607 350.608 2607.14 1 77.2223 35.3859 2640.47 1 508.859 320.02 2580.38 1 546.119 8.38174 2606.51 1 54.7756 -282.05 2563.7 1 530.643 -292.508 2551.11 1 310.398 109.068 2581.65 1 185.718 -108.218 2577.38 1 394.407 -126.136 2561.71 1 197.141 -561.039 2621.15 1 281.868 -981.19 2708.78 1 408.849 -571.141 2655.05 1 330.733 335.314 2593.76 1 317.255 -996.195 2703.31 1
356.205 555.368 2597.3 1 156.607 350.526 2610.42 1 79.44 37.6208 2642.42 1 512.331 316.943 2580.29 1 548.537 3.19212 2606.88 1 56.204 -279.602 2564.99 1 532.544 -297.152 2548.58 1 312.359 107.485 2586.48 1 186.069 -108.929 2586.44 1 394.428 -128.6 2568.79 1 199.863 -562.567 2618.09 1 284.906 -981.304 2712.15 1 410.659 -574.586 2657.49 1 334.469 333.734 2595.35 1 319.14 -1000.48 2698.07 1
360.615 552.99 2597.88 1 160.406 348.404 2611.98 1 80.1933 38.4654 2642.68 1 516.174 314.373 2582.48 1 549.309 -0.170153 2606.92 1 57.6765 -278.519 2564.08 1 531.445 -299.894 2545.96 1 315.962 105.097 2589.01 1 189.449 -111.229 2589.42 1 397.82 -131.161 2572.14 1 208.783 -565.172 2612.52 1 287.904 -986.309 2700.79 1 411.064 -578.247 2655.85 1 338.29 331.389 2597.23 1 320.955 -1004.78 2693.44 1
364.989 552.76 2596.16 1 163.591 347.84 2612.35 1 80.3732 37.7377 2641.73 1 519.299 312.999 2582.88 1 551.55 -3.56598 2609.41 1 63.66 -280.415 2566.78 1 531.367 -302.355 2544.74 1 318.698 104.111 2590.62 1 191.778 -111.993 2592.25 1 400.124 -132.401 2574.99 1 214.715 -565.997 2612.37 1 284.441 -989.945 2694.51 1 410.151 -579.777 2657.83 1 341.445 330.419 2597.61 1 321.651 -1006.98 2691.76 1
369.607 552.141 2595.82 1 167.054 348.518 2615.57 1 83.3261 37.2832 2643.28 1 522.182 311.732 2581.98 1 550.438 -2.40322 2609.26 1 73.242 -281.529 2570.12 1 531.276 -300.724 2542.1 1 320.658 103.898 2593.2 1 192.684 -111.555 2597.47 1 400.711 -133.103 2577.79 1 213.842 -565.593 2619.92 1 280.817 -990.737 2698.57 1 411.016 -580.886 2658.54 1 344.618 330.125 2598.77 1 318.679 -1007.4 2691.08 1
372.993 551.228 2596.14 1 169.685 348.288 2617.38 1 87.3304 39.2695 2645.01 1 524.633 310.573 2582.76 1 549.838 -2.48141 2609.41 1 80.2737 -279.661 2571.82 1 532.86 -300.819 2541.69 1 322.672 103.231 2595.43 1 194.235 -111.923 2600.93 1 402.136 -134.013 2580.65 1 220.469 -565.83 2620.51 1 283.473 -992.665 2693.1 1 413.663 -582.278 2658.57 1 347.159 329.43 2600.07 1 318.426 -1008.37 2688.17 1
376.503 550.392 2596.3 1 172.647 348.597 2617.75 1 88.2615 40.3007 2643.7 1 527.468 309.27 2583.56 1 550.859 -4.61894 2609.03 1 81.3051 -279.357 2573.65 1 532.926 -302.624 2540.05 1 324.572 102.836 2596.24 1 195.171 -111.744 2601.84 1 403.003 -134.779 2581.81 1 218.519 -566 2616.28 1 287.078 -991.03 2694.2 1 409.427 -584.429 2651.34 1 350.057 328.934 2600.65 1 324.422 -1011 2696.08 1
380.442 549.253 2604.9 1 174.336 348.915 2622.89 1 91.855 41.8534 2645.93 1 528.457 307.279 2584.66 1 554.783 -9.01851 2607.8 1 84.7124 -277.488 2574.37 1 531.131 -306.828 2539.92 1 323.929 102.398 2595.15 1 192.741 -111.107 2597.73 1 400.181 -135.497 2575.33 1 214.377 -565.168 2618.94 1 283.219 -991.643 2688.09 1 407.038 -584.858 2647.02 1 351.396 328.097 2603.78 1 316.617 -1011.26 2682.49 1
385.413 552.5 2601.67 1 177.702 354.267 2621.31 1 94.2961 43.1464 2646.85 1 531.656 308.791 2586.17 1 557.681 -11.8526 2605.22 1 85.9583 -275.788 2573.59 1 530.011 -310.044 2540.67 1 325.062 106.024 2597.25 1 191.777 -106.162 2601.06 1 399.113 -132.801 2580.47 1 212.589 -560.181 2624.67 1 287.276 -984.409 2701.05 1 417.188 -580.407 2659.7 1 354.679 331.529 2603.74 1 316.555 -1004.41 2696.79 1
388.453 552.777 2599.56 1 180.53 354.46 2620.68 1 94.8868 48.6107 2648.56 1 534.288 307.577 2585.18 1 562.777 -13.5481 2602.16 1 85.1594 -270.664 2576.96 1 528.637 -311.659 2540.61 1 327.01 105.566 2597.74 1 193.01 -106.158 2602.95 1 400.21 -133.617 2582.15 1 213.525 -560.298 2624.87 1 289.919 -985.203 2695.93 1 415.22 -583.125 2650.31 1 357.409 331.019 2602.93 1 320.183 -1007.2 2699.03 1
389.551 551.023 2597.51 1 181.465 353.499 2621.22 1 97.999 50.6608 2649.89 1 534.981 305.932 2584.14 1 568.9 -14.3885 2598.5 1 83.5839 -268.329 2577.92 1 527.115 -312.176 2540.48 1 327.508 104.266 2599.06 1 193.26 -107.253 2606.31 1 400.326 -135.114 2584.59 1 217.895 -561.173 2628.46 1 286.597 -988.178 2694.36 1 416.441 -585.116 2650.01 1 358.223 329.715 2602.68 1 319.38 -1008.61 2701.19 1
390.363 547.862 2596.48 1 182.518 350.155 2620.18 1 97.7957 50.3765 2649.77 1 536.185 303.245 2583.63 1 568.702 -17.5682 2599.28 1 86.3639 -269.211 2579.96 1 527.533 -314.924 2538.3 1 329.118 101.169 2598.81 1 195.307 -110.624 2606.42 1 402.462 -138.1 2585.01 1 219.545 -564.821 2621.26 1 291.154 -989.795 2696.37 1 419.85 -588.305 2649.17 1 359.352 326.7 2601.9 1 320.682 -1011.6 2698.58 1
394.919 547.054 2595.97 1 185.921 350.858 2619.59 1 101.049 47.5225 2649.7 1 539.315 301.513 2583.65 1 572.684 -19.2909 2600.4 1 87.8664 -271.807 2578.95 1 528.663 -316.076 2538.45 1 330.84 100.867 2598.51 1 195.561 -110 2605.92 1 402.563 -138.904 2584.87 1 218.294 -564.337 2619.89 1 281.762 -990.547 2695.44 1 422.689 -588.181 2654.47 1 362.618 326.186 2601.62 1 320.796 -1011.52 2697.47 1
397.1 543.595 2595.72 1 187.619 347.817 2618.25 1 103.3 48.6078 2651.27 1 541.139 297.695 2584.71 1 575.653 -19.0082 2602.62 1 88.5509 -270.37 2579.22 1 528.93 -314.661 2537.32 1 332.118 97.5054 2598.06 1 196.321 -113.065 2604.46 1 403.395 -142.424 2584.81 1 217.471 -567.182 2625.3 1 283.285 -994.571 2691.47 1 425.628 -591.072 2657.89 1 364.379 322.756 2601.48 1 320.359 -1014.12 2695.37 1
