369.144 559.299 2577.11 1 177.128 342.311 2619.29 1 78.7984 12.9266 2632.4 1 537.049 322.492 2558.35 1 616.35 3.98941 2548.99 1 43.9936 -297.947 2514.4 1 651.039 -292.762 2454.26 1 344.738 102.164 2590.75 1 227.614 -122.303 2610.42 1 437.159 -133.842 2574.94 1 237.158 -583.207 2617.06 1 249.388 -1019.19 2694.49 1 456.348 -594.461 2586 1 357.088 332.401 2588.82 1 419.671 -1031.39 2651.88 1
367.058 555.278 2568.42 1 176.19 338.98 2615.85 1 79.3864 13.9747 2635.2 1 536.464 319.12 2557.09 1 613.661 1.98505 2550.49 1 42.6069 -296.516 2516.45 1 652.419 -293.467 2452.51 1 344.665 98.8955 2592.76 1 228.127 -125.477 2616.16 1 437.881 -137.04 2581.95 1 234.175 -586.505 2619.51 1 248.463 -1022.44 2698.11 1 457.149 -597.693 2591.38 1 356.327 329.05 2586.47 1 419.171 -1034.14 2659.73 1
367.709 556.37 2572.58 1 176.035 339.082 2617.06 1 78.192 12.9872 2634.11 1 536.326 320.52 2557.96 1 612.328 0.492877 2550.75 1 43.1324 -297.425 2514.31 1 652.643 -293.334 2448.32 1 344.913 99.5636 2591.13 1 228.765 -125.271 2611.95 1 438.525 -136.077 2577.54 1 237.605 -586.278 2611.27 1 246.648 -1022.77 2687.97 1 450.998 -596.95 2579.63 1 356.181 329.801 2587.51 1 430.105 -1033.87 2650.22 1
369.94 558.027 2574.67 1 177.541 340.961 2617.89 1 78.0974 13.4963 2634.06 1 537.628 321.983 2557.68 1 611.164 0.243761 2552.38 1 43.8484 -297.715 2514.6 1 647.8 -291.572 2447.25 1 345.855 101.226 2590.21 1 229.304 -123.495 2610.16 1 438.945 -134.544 2575.1 1 237.234 -584.427 2617.38 1 249.098 -1021.21 2692.39 1 454.093 -595.355 2579.98 1 357.584 331.472 2587.78 1 422.075 -1031.46 2651.58 1
369.732 557.605 2577.21 1 177.192 340.587 2618.75 1 78.5523 14.25 2635.04 1 537.227 321.006 2558.41 1 612.586 3.11954 2548.7 1 43.7017 -297.942 2515.8 1 645.877 -290.28 2448.57 1 344.901 100.565 2589.85 1 227.788 -123.967 2608.69 1 437.398 -135.367 2573.56 1 233.351 -585.005 2613.16 1 247.511 -1019.94 2697.53 1 449.421 -596.284 2579.44 1 357.21 330.797 2588.58 1 421.536 -1032.42 2653.37 1
370.222 556.788 2577.47 1 177.979 339.65 2619.51 1 77.7767 12.624 2636.03 1 537.821 320.178 2558 1 612.29 1.0609 2549.84 1 43.3097 -297.372 2515.18 1 649.695 -291.945 2449.93 1 345.659 99.6708 2590.03 1 228.669 -124.904 2609.22 1 438.168 -136.24 2573.4 1 237.101 -585.931 2612.26 1 249.284 -1020.25 2700.33 1 455.041 -596.904 2583.71 1 357.9 329.914 2588.76 1 425.698 -1034.54 2647.28 1
370.617 559.83 2578.63 1 178.714 342.883 2619.8 1 77.8893 13.3093 2636.04 1 538.546 323.516 2558.19 1 614.145 1.03325 2546.44 1 42.3107 -296.233 2515.7 1 651.403 -292.691 2448.12 1 346.376 102.952 2589.81 1 229.376 -121.658 2608.55 1 438.869 -132.933 2572.68 1 237.647 -582.607 2617.13 1 249.776 -1019.63 2689.08 1 458.745 -593.451 2584.93 1 358.63 333.2 2589 1 419.375 -1031.12 2642.19 1
370.193 557.435 2578.18 1 177.885 340.484 2618.47 1 78.4456 13.6568 2637.51 1 537.927 320.686 2558.25 1 615.076 1.51416 2545.73 1 42.4689 -295.889 2512.56 1 652.379 -293.547 2448.41 1 345.413 100.349 2589.35 1 228.11 -124.123 2607.88 1 437.728 -135.65 2572.82 1 236.013 -585.145 2612.96 1 246.554 -1021.86 2687.93 1 453.857 -596.273 2586.75 1 357.906 330.585 2588.36 1 421.019 -1034.47 2644.74 1
370.339 555.507 2577.96 1 178.315 339.532 2618.86 1 77.7255 13.8295 2636.26 1 538.091 319.538 2557.14 1 615.538 2.2559 2545.36 1 47.0575 -297.936 2516.01 1 653.171 -293.996 2450.22 1 345.567 99.305 2588.92 1 228.201 -125.104 2607.82 1 437.662 -136.745 2571.88 1 236.648 -586.114 2614.44 1 251.598 -1021.9 2694.22 1 453.818 -597.48 2581.29 1 358.203 329.535 2588 1 421.891 -1034.16 2649.94 1
370.246 554.713 2577.34 1 178.268 338.863 2619.11 1 78.3676 14.4167 2635.64 1 537.817 318.563 2556.18 1 619.77 3.1256 2541.16 1 45.8036 -297.776 2518.52 1 653.898 -294.333 2452.16 1 345.261 98.4926 2588.88 1 227.815 -125.818 2608.44 1 437.143 -137.637 2571.8 1 234.49 -586.879 2613.95 1 249.941 -1022.09 2697.01 1 454.849 -598.355 2580.07 1 358.043 328.713 2587.65 1 423.544 -1034.4 2653.46 1
372.206 557.782 2577.54 1 179.669 341.506 2620.54 1 78.1904 12.7116 2635.32 1 538.903 320.293 2556.14 1 622.389 1.55887 2541.57 1 44.4836 -296.673 2513.89 1 653.292 -294.013 2450.16 1 345.969 100.712 2589.88 1 228.08 -123.301 2610.17 1 437.226 -135.651 2572.67 1 235.474 -584.372 2614.02 1 250.323 -1019.72 2696.73 1 456.499 -596.244 2583.93 1 359.286 330.899 2588.34 1 425.377 -1032.89 2654.11 1
374.298 558.985 2577.65 1 180.637 342.891 2620.57 1 79.104 12.3601 2634.67 1 539.901 321.421 2556.4 1 623.704 0.774143 2541.81 1 43.8562 -296.551 2509.33 1 653.663 -293.44 2447.4 1 346.71 101.98 2589.58 1 228.572 -121.947 2609.36 1 437.732 -134.446 2572 1 237.215 -582.996 2613.74 1 248.543 -1019.94 2687.66 1 458.299 -594.861 2587.26 1 360.269 332.156 2588.48 1 426.422 -1032.49 2650.53 1
374.517 557.171 2568.19 1 181.131 342.183 2615.82 1 79.5335 14.6976 2635.84 1 540.88 319.051 2555.15 1 626.829 2.87206 2539.39 1 44.2548 -297.875 2518.29 1 660.652 -291.422 2447.42 1 347.126 100.561 2590.9 1 228.52 -122.762 2613.98 1 437.975 -136.229 2578.65 1 236.135 -583.841 2616.54 1 248.255 -1020.81 2690.54 1 458.92 -596.711 2591.48 1 361.005 330.617 2585.48 1 428.79 -1034.1 2657.47 1
372.803 559.267 2564.96 1 180.181 344.251 2615.6 1 80.7709 16.8458 2636.92 1 539.615 320.721 2553.2 1 625.918 1.93834 2542.19 1 38.473 -293.523 2519.71 1 665.272 -290.357 2446.75 1 346.07 102.457 2591.48 1 227.612 -120.722 2616.73 1 436.87 -134.42 2580.4 1 237.1 -581.504 2606.92 1 244.331 -1016.47 2691.77 1 456.894 -595.038 2585.37 1 359.898 332.486 2584.4 1 428.085 -1031.87 2655.55 1
373.112 557.153 2562.84 1 181.214 342.613 2616.09 1 80.889 19.4214 2637.46 1 540.276 318.649 2551.73 1 630.961 2.97003 2536.09 1 30.6761 -292.258 2527.42 1 670.631 -288.495 2443.59 1 346.836 100.628 2591.95 1 228.405 -122.399 2618.73 1 437.448 -136.351 2581.26 1 237.666 -582.948 2600.63 1 245.468 -1017.54 2687.78 1 457.38 -597.025 2584.33 1 360.745 330.631 2583.91 1 430.966 -1033.32 2658.68 1
374.882 558.139 2561.28 1 182.619 344.384 2615.49 1 84.9452 24.7128 2640.72 1 541.713 319.598 2551.59 1 634.481 3.48235 2535.04 1 23.1146 -282.396 2532.36 1 673.853 -285.71 2439.71 1 347.962 102.052 2592.91 1 229.227 -120.672 2620.87 1 438.288 -135.102 2583.68 1 235.203 -580.302 2588.15 1 246.207 -1010.51 2693.17 1 457.837 -595.808 2583.06 1 362.166 331.991 2583.54 1 431.977 -1031.06 2663.35 1
377.026 555.078 2561 1 184.163 340.953 2614.08 1 82.4786 27.8621 2645.85 1 543.339 315.757 2550.79 1 640.749 1.23395 2531.02 1 7.73308 -274.44 2534.7 1 689.203 -283.825 2430.41 1 349.308 98.434 2592.01 1 230.311 -124.153 2620 1 439.421 -138.822 2583.15 1 224.505 -582.729 2576.11 1 250.083 -1011.47 2684.41 1 459.614 -599.441 2576.87 1 363.751 328.355 2582.43 1 429.582 -1034.4 2657.4 1
379.568 557.109 2568.37 1 185.428 343.038 2616.7 1 76.2359 25.9353 2646.92 1 544.34 316.269 2552.57 1 652.872 8.11339 2526.02 1 -16.2855 -269.056 2530.99 1 711.277 -270.539 2418.45 1 348.866 99.7494 2590.96 1 228.369 -122.362 2615.95 1 437.328 -137.947 2578.61 1 216.006 -580.475 2567.23 1 248.491 -1007.7 2680.21 1 453.303 -598.759 2576.39 1 364.884 329.653 2584.64 1 427.391 -1034.97 2651.17 1
379.397 557.749 2564.05 1 185.419 343.803 2617.16 1 61.1306 29.4557 2646.96 1 543.607 316.975 2549.22 1 665.95 11.0665 2523 1 -46.5025 -259.02 2525.73 1 730.06 -259.169 2404.64 1 348.98 100.536 2592.06 1 229.174 -121.508 2620.71 1 437.72 -137.128 2581.15 1 212.08 -578.858 2565.86 1 242.324 -1003.67 2688.34 1 451.796 -597.881 2588.42 1 364.513 330.389 2583.19 1 427.201 -1036.3 2647.81 1
376.106 557.323 2554.38 1 183.988 343.777 2615.2 1 53.0784 38.2141 2650.47 1 541.763 317.605 2544.86 1 679.991 21.5445 2516 1 -76.6122 -241.944 2530.96 1 753.973 -243.192 2392.38 1 348.708 101.002 2593.43 1 230.393 -121.069 2627.3 1 438.687 -136.306 2586.35 1 199.224 -576.285 2563.35 1 231.633 -999.774 2690.17 1 448.704 -597.24 2588.94 1 362.876 330.691 2580.03 1 424.788 -1035.91 2647.88 1
368.971 557.048 2548.06 1 178.323 344.465 2612.27 1 27.0307 58.1126 2650.73 1 536.52 319.451 2543.65 1 698.988 37.2676 2506.5 1 -137.095 -200.787 2534.07 1 793.571 -209.66 2369.74 1 344.493 102.365 2594.17 1 227.294 -119.946 2630.34 1 435.834 -134.509 2590.4 1 167.22 -570.074 2557.48 1 187.273 -992.819 2688.85 1 441.954 -595.551 2590.83 1 357.422 331.958 2577.96 1 420.311 -1035.01 2644.98 1
361.032 558.001 2545.89 1 172.035 345.428 2611.19 1 -3.4893 76.5542 2647.36 1 530.344 321.177 2542.84 1 716.99 60.6357 2502.25 1 -198.443 -160.122 2535.89 1 826.65 -169.05 2351.21 1 338.901 103.711 2594.05 1 222.31 -118.821 2630.99 1 430.913 -132.94 2591.2 1 140.379 -565.527 2557.83 1 138.671 -990.265 2682.62 1 438.633 -593.99 2590.24 1 351.19 333.302 2577.01 1 418.695 -1033.67 2643.64 1
354.227 560.147 2544.81 1 165.38 347.61 2610.64 1 -31.7509 97.7731 2644.17 1 523.721 324.02 2542.2 1 728.989 80.3212 2500.62 1 -246.661 -123.903 2540.34 1 863.703 -126.32 2337.81 1 332.824 106.235 2594.16 1 216.787 -116.479 2631.82 1 425.41 -130.213 2591.98 1 118.878 -561.703 2568.83 1 87.5994 -989.215 2675.31 1 436.461 -591.145 2596.73 1 344.55 335.815 2576.42 1 415.328 -1031.05 2647.95 1
344.159 558.465 2544.26 1 156.328 346.175 2610.75 1 -61.881 116.881 2643.08 1 514.554 323.962 2541.27 1 735.989 99.6655 2495.3 1 -299.85 -81.8272 2543.86 1 899.167 -78.6273 2328.24 1 324.738 105.471 2594.23 1 209.756 -117.661 2632.68 1 418.315 -130.593 2592.23 1 93.1829 -559.118 2574.7 1 37.3868 -987.893 2664.14 1 424.12 -591.63 2592.66 1 335.441 335.069 2576.01 1 418.56 -1030.79 2651.12 1
324.213 551.479 2542.99 1 140.823 335.798 2610.6 1 -99.9425 141.936 2642.02 1 498.871 319.888 2538.82 1 742.496 127.336 2491.65 1 -363.881 -20.2277 2542.42 1 934.678 -7.47628 2322.4 1 313.376 98.1534 2593.34 1 202.661 -126.904 2632.88 1 411.149 -136.168 2591.08 1 57.0209 -560.273 2586 1 -32.4522 -985.582 2660.32 1 412.661 -597.205 2596.4 1 319.847 327.843 2574.71 1 421.122 -1037.75 2639.84 1
305.902 552 2550.88 1 126.921 331.853 2612.27 1 -133.953 165.463 2636.06 1 485.451 325.822 2541.93 1 746.754 151.674 2486.31 1 -416.45 28.6662 2536.97 1 957.486 45.8218 2311.11 1 305.16 98.8407 2591.59 1 199.737 -129.4 2626.56 1 408.532 -132.912 2585.6 1 30.0403 -555.244 2597.28 1 -91.8059 -975.445 2646.01 1 408.79 -593.986 2591.53 1 306.186 328.838 2577.1 1 428.137 -1034.17 2637.02 1
285.509 549.82 2555.8 1 109.14 327.969 2613.78 1 -163.979 183.231 2633.03 1 467.574 326.706 2542.44 1 746.872 174.838 2481.15 1 -460.025 73.7771 2532.48 1 970.487 97.4196 2308.79 1 290.115 97.2112 2591.02 1 187.548 -132.548 2624.69 1 396.197 -133.283 2583.16 1 -0.364792 -551.723 2612.07 1 -151.508 -963.902 2649.86 1 390.083 -594.172 2594.22 1 288.357 327.338 2578.11 1 422.019 -1033.31 2643.07 1
266.329 549.338 2548.27 1 92.5266 325.795 2611.79 1 -193.994 201.615 2628 1 450.993 327.91 2540.41 1 738.937 198.919 2484.09 1 -498.345 118.374 2523.82 1 978.566 146.359 2324.66 1 276.335 96.9689 2592.27 1 176.574 -133.53 2629.21 1 385.248 -132.299 2587.66 1 -22.5503 -548.235 2628.67 1 -195.674 -953.418 2646.41 1 376.391 -593.238 2590.88 1 271.76 326.852 2576.1 1 426.214 -1027.35 2659.81 1
245.423 549.705 2554.01 1 70.4797 326.492 2616.27 1 -223.507 217.318 2627.01 1 428.309 326.533 2541.65 1 724.46 215.45 2484.56 1 -534.517 155.473 2516.75 1 973.104 187.19 2330.17 1 252.312 96.4281 2592.83 1 151.071 -133.668 2628.41 1 359.39 -133.644 2584.97 1 -61.7572 -541.824 2624.21 1 -239.516 -946.252 2643.12 1 352.474 -594.605 2580.71 1 249.395 326.513 2578.96 1 409.649 -1027.96 2651.61 1
202.912 538.806 2556.87 1 28.0423 314.9 2616 1 -272.252 236.657 2625.5 1 386.618 315.959 2545.02 1 701.232 229.728 2484.78 1 -589.845 202.849 2508.16 1 955.946 234.835 2340.15 1 210.663 85.2944 2593.91 1 109.302 -145.15 2628.04 1 318.688 -144.531 2586.59 1 -103.766 -548.465 2620.32 1 -283.259 -952.264 2647.33 1 318.827 -603.874 2582.85 1 207.33 315.429 2580.51 1 401.284 -1033.37 2649.32 1
153.294 530.113 2558.39 1 -20.0972 303.25 2611.81 1 -335.682 249.383 2622.82 1 340.956 310.393 2558.13 1 672.067 242.818 2482.99 1 -658.928 245.064 2499.64 1 937.429 274.03 2361.09 1 167.276 76.915 2600.43 1 68.7326 -155.077 2631.56 1 279.513 -150.907 2600.23 1 -148.315 -558.947 2619.74 1 -305.616 -970.164 2661.14 1 288.008 -611.003 2598.7 1 160.429 306.822 2584.97 1 395.945 -1036.14 2653.01 1
112.192 525.072 2558.59 1 -61.2293 296.459 2607.79 1 -392.336 253.692 2612.94 1 301.358 306.878 2566.12 1 647.537 250.911 2478.52 1 -714.827 271.131 2494.68 1 922.775 298.237 2375.42 1 128.414 71.7715 2602.12 1 31.1386 -161.161 2629.43 1 242.388 -155.09 2605.16 1 -179.609 -569.615 2615.32 1 -314.982 -988.312 2659.07 1 263.822 -614.311 2585.65 1 120.064 301.668 2586.95 1 391.95 -1033.64 2642.86 1
78.3827 522.559 2552.69 1 -95.5214 292.822 2599.63 1 -434.747 256.907 2603.99 1 268.288 306.193 2572.95 1 622.195 247.893 2476.8 1 -752.523 294.477 2485.37 1 902.343 314.173 2385.88 1 96.1958 69.951 2605.06 1 0.0332378 -163.5 2631.59 1 211.983 -155.711 2616.05 1 -198.256 -578.604 2616.51 1 -314.332 -1001.68 2672.09 1 251.879 -613.404 2589.17 1 86.3833 299.507 2586.29 1 389.174 -1030.43 2645.98 1
42.8949 527.087 2556.23 1 -129.464 294.782 2598.53 1 -472.863 263.449 2592.52 1 234.758 312.337 2577.76 1 593.607 245.954 2483.41 1 -793.221 307.041 2482.73 1 875.682 317.82 2386.67 1 64.7121 74.0049 2605.69 1 -29.2109 -160.658 2629.28 1 182.765 -150.441 2617.2 1 -212.632 -582.543 2610.55 1 -319.067 -1007.14 2676.02 1 239.666 -605.255 2576.55 1 52.6471 303.56 2588.15 1 377.096 -1023.05 2629.96 1
12.7992 526.33 2548.99 1 -158.653 294.089 2593 1 -498.96 266.745 2585.76 1 205.936 312.99 2579.12 1 554.777 245.455 2495.71 1 -820.625 306.651 2479.04 1 838.34 309.504 2390.57 1 36.3039 74.2501 2606.45 1 -57.1461 -160.54 2630.87 1 155.079 -149.538 2622.79 1 -223.663 -589.546 2617.13 1 -322.529 -1016.29 2682.8 1 224.96 -602.513 2578.61 1 23.6415 303.539 2586.06 1 363.534 -1021 2623.97 1
-13.8941 531.435 2536.87 1 -184.186 298.724 2586.82 1 -525.014 260.396 2573.38 1 180.473 320.431 2577.46 1 528.358 245.203 2501.38 1 -846.968 301.77 2470.63 1 814.728 304.536 2395.58 1 12.4035 80.9044 2607.38 1 -79.4704 -154.086 2635.35 1 132.798 -141.451 2629.9 1 -232.014 -588.193 2616.63 1 -317.876 -1015.57 2694.54 1 214.788 -591.113 2573.96 1 -1.8566 309.577 2582.14 1 357.722 -1008.42 2617.62 1
-33.8695 539.046 2538.8 1 -204.957 306.638 2586.48 1 -549.004 256.198 2563.18 1 159.927 326.644 2580.05 1 501.182 244.101 2510.19 1 -870.675 293.975 2457.31 1 788.429 288.958 2396.1 1 -9.52911 87.8289 2608.24 1 -102.745 -146.806 2635.09 1 109.658 -135.16 2631.35 1 -241.586 -585.496 2614.37 1 -316.322 -1015.37 2690.84 1 197.476 -582.771 2566.72 1 -22.5147 316.641 2583.27 1 336.394 -1001.33 2611.96 1
-51.3445 542.649 2540.26 1 -223.339 310.483 2585.69 1 -565.501 253.599 2557.08 1 141.663 329.639 2583.29 1 478.092 234.05 2513.59 1 -885.896 279.163 2447.54 1 767.996 272.01 2395.66 1 -28.6621 91.1734 2609.36 1 -122.732 -143.29 2634.93 1 89.7602 -132.138 2633.53 1 -242.781 -587.453 2616.8 1 -313.885 -1018.91 2688.78 1 186.884 -577.383 2565.17 1 -40.8381 320.061 2584.49 1 314.225 -998.225 2620.12 1
-63.4994 546.817 2542 1 -237.148 315.364 2585.91 1 -582.244 248.304 2549.04 1 127.981 332.684 2584.76 1 460.052 223.021 2514.8 1 -901.324 259.748 2436.08 1 751.533 248.354 2392.17 1 -43.6433 95.047 2610.03 1 -138.984 -138.972 2635.06 1 73.5779 -128.888 2634.39 1 -242.788 -587.273 2617.36 1 -310.402 -1018.53 2694.27 1 174.457 -571.875 2556.98 1 -54.5834 324.024 2585.34 1 285.949 -990.67 2643.18 1
-76.6498 553.994 2550.36 1 -252.044 322.961 2586.04 1 -588.09 232.628 2541.5 1 113.11 338.829 2590.16 1 432.556 203.036 2520.4 1 -899.779 229.942 2407.98 1 721.914 230.613 2388.02 1 -59.7267 101.473 2608.43 1 -156.288 -132.569 2627.55 1 56.3157 -123.33 2629.95 1 -246.76 -583.929 2611.28 1 -309.002 -1016.37 2686.31 1 144.646 -570.017 2559.32 1 -69.467 330.895 2588.1 1 241.293 -990.905 2636.22 1
-83.9685 557.599 2555.04 1 -259.432 326.472 2586.51 1 -587.54 222.81 2533.75 1 105.634 341.916 2595.94 1 401.783 184.021 2538.7 1 -886.782 206.871 2382.81 1 688.426 200.329 2396.1 1 -67.6976 104.668 2610.91 1 -164.769 -129.353 2627.84 1 47.7766 -120.361 2633.34 1 -237.251 -583.995 2620.41 1 -300.753 -1015.95 2697.49 1 134.522 -568.125 2566.57 1 -76.8991 334.194 2591.22 1 197.217 -988.248 2657.73 1
-84.5902 559.172 2560.89 1 -261.209 327.639 2586.73 1 -585.755 213.394 2531.37 1 103.719 342.562 2601.09 1 375.905 168.522 2551.85 1 -869.135 185.151 2357.79 1 655.772 155.2 2398.33 1 -70.0409 105.378 2611.45 1 -167.567 -128.687 2624.81 1 44.8932 -119.999 2633.17 1 -230.269 -585.043 2624.23 1 -295.296 -1018.42 2690.84 1 122.31 -569.075 2563.79 1 -78.745 335.1 2593.91 1 133.989 -983.745 2674.51 1
-81.3634 556.773 2560.29 1 -259.415 325.612 2584.07 1 -571.384 204.702 2526.67 1 105.207 338.517 2605.45 1 352.946 149.253 2568.41 1 -846.108 173.602 2343.92 1 621.572 114.608 2397.56 1 -70.0476 102.341 2613.06 1 -169.143 -131.14 2625.13 1 43.1616 -123.627 2637.58 1 -228.583 -588.151 2628.49 1 -295.069 -1021.65 2693.33 1 108.923 -575.373 2574.42 1 -77.1043 332.065 2594.76 1 70.1879 -985.174 2689.26 1
-75.0012 551.288 2560.49 1 -255.013 321.686 2579.77 1 -553.208 196.863 2521.81 1 108.746 333.164 2612.01 1 330.459 125.61 2582.68 1 -819.309 155.637 2331.01 1 590.558 68.8881 2406.13 1 -67.6015 97.7438 2615.25 1 -167.992 -135.28 2625.22 1 43.8523 -128.595 2644 1 -226.046 -592.601 2629.61 1 -290.958 -1027.64 2684.42 1 97.0363 -582.037 2581.32 1 -73.1333 327.425 2595.89 1 23.6687 -988.244 2689.85 1
-64.1313 552.457 2560.57 1 -246.708 324.096 2576.56 1 -535.62 186.443 2516.87 1 115.901 332.371 2619.95 1 320.715 106.785 2601.79 1 -786.645 136.18 2309.88 1 563.174 23.9211 2410.48 1 -62.6059 98.6045 2618.67 1 -165.385 -133.434 2626.46 1 45.7688 -128.615 2651.72 1 -221.779 -591.001 2624.21 1 -291.062 -1023.9 2689.18 1 83.3371 -584.817 2600.76 1 -65.4036 328.234 2598.26 1 -4.5526 -977.163 2682.97 1
-46.5334 546.143 2569.09 1 -227.783 317.766 2569.49 1 -510.261 161.188 2498.38 1 129.983 325.025 2638.76 1 303.907 78.4167 2626.83 1 -742.144 101.663 2274.19 1 513.204 -54.4835 2427.02 1 -47.94 91.6365 2623.24 1 -151.355 -140.24 2622.14 1 57.3953 -136.005 2662.56 1 -201.611 -597.431 2598.44 1 -277.488 -1025.93 2680.82 1 81.1567 -594.385 2626.43 1 -48.9 321.395 2604.12 1 -11.0866 -984.967 2692 1
-28.7545 543.387 2574.36 1 -211.445 315.83 2565.79 1 -484.117 144.085 2484.65 1 143.075 320.395 2651.07 1 285.472 51.2084 2644.35 1 -697.07 71.8528 2251.68 1 466.75 -130.675 2452.17 1 -35.6609 88.3028 2626.87 1 -140.288 -142.835 2620.5 1 66.014 -140.179 2670.12 1 -198.538 -598.039 2581.85 1 -277.646 -1024.1 2674 1 69.3314 -599.676 2644.84 1 -34.1851 318.112 2608.43 1 -20.0681 -983.936 2692.24 1
-8.63102 549.384 2584.94 1 -190.692 322.994 2560.59 1 -455.472 129.988 2473.73 1 156.783 323.616 2669.83 1 273.328 28.6419 2666.07 1 -646.452 36.7801 2233.97 1 420.43 -189.592 2473.71 1 -21.5447 93.3689 2631.12 1 -127.4 -136.748 2615.19 1 75.1299 -136.386 2678.86 1 -187.087 -588.585 2551.68 1 -273.454 -1008.34 2662.78 1 67.7497 -596.536 2666.75 1 -16.9546 323.305 2615.21 1 -23.4063 -978.084 2696.6 1
8.28267 548.485 2599.27 1 -173.948 324.76 2557.82 1 -426.12 112.414 2465.29 1 167.613 319.83 2684.7 1 266.78 9.8879 2686.47 1 -597.788 -1.17338 2220.95 1 371.152 -242.79 2511.61 1 -10.6951 92.2051 2632.59 1 -117.609 -136.451 2606.99 1 81.1634 -139.32 2680.83 1 -176.761 -585.654 2525.73 1 -275.672 -1001.3 2642.18 1 63.3291 -599.533 2676.47 1 -3.16751 322.295 2621.26 1 -28.1748 -984.836 2690.03 1
26.7156 550.958 2605.91 1 -157.353 330.946 2554.17 1 -396.033 96.1983 2450.57 1 178.391 320.116 2695.9 1 256.85 9.1405 2703.63 1 -542.976 -43.6538 2208.92 1 323.454 -273.716 2563.31 1 -1.05549 95.5383 2634.88 1 -110.312 -131.304 2603.49 1 85.0518 -137.605 2685.96 1 -163.973 -578.89 2509.34 1 -274.199 -988.812 2635.53 1 57.3612 -597.474 2688.65 1 10.5192 325.531 2625.04 1 -33.9316 -978.687 2695.21 1
46.6625 556.7 2610.21 1 -139.613 339.674 2549.59 1 -365.517 82.1213 2435.19 1 189.057 322.242 2706.55 1 246.483 11.4507 2718.8 1 -481.985 -88.6194 2200.77 1 280.042 -292.244 2614.4 1 8.00104 101.284 2637.58 1 -104.383 -123.316 2601.39 1 86.9425 -133.463 2692.77 1 -149.413 -566.069 2484.38 1 -265.094 -968.227 2628.72 1 49.4588 -592.676 2700.4 1 24.7222 330.958 2628.07 1 -36.5805 -977.55 2696.4 1
64.1554 554.055 2604.36 1 -125.334 339.788 2539.83 1 -333.827 73.1382 2423.52 1 196.254 318.267 2710.62 1 233.448 6.04827 2731.23 1 -419.038 -132.686 2206.66 1 243.573 -308.565 2647.96 1 13.5801 99.9502 2637.56 1 -101.884 -122.865 2600.19 1 85.2843 -135.39 2699.59 1 -135.673 -560.013 2461.16 1 -245.621 -961.195 2613.33 1 31.5963 -592.589 2715.54 1 35.4598 329.028 2625.22 1 -39.8838 -982.783 2698.23 1
81.2881 554.146 2600.42 1 -109.515 341.534 2528.66 1 -303.441 61.6264 2413.15 1 202.084 315.997 2716.29 1 223.396 2.99292 2744.95 1 -350.459 -172.766 2212.77 1 215.995 -316.91 2673.15 1 19.6582 100.221 2635.59 1 -97.7079 -120.888 2594.07 1 83.7715 -135.76 2703.35 1 -117.104 -553.739 2439.43 1 -227.737 -955.235 2590.98 1 15.8123 -590.74 2726.42 1 46.2847 328.765 2622.48 1 -39.0852 -980.841 2694.54 1
94.1255 554.906 2607.01 1 -91.1604 344.971 2520.24 1 -264.636 52.267 2404.51 1 206.726 316.602 2727.99 1 225.816 -2.39395 2772.67 1 -284.993 -204.362 2221.95 1 199.34 -319.201 2687.98 1 28.8744 102.342 2634.37 1 -86.8301 -117.836 2584.09 1 86.7623 -134.368 2705.16 1 -90.0614 -550.66 2427.42 1 -204.567 -958.72 2554.91 1 8.67714 -587.503 2734.18 1 57.7826 330.786 2624.11 1 -30.7225 -980.378 2688.34 1
104.971 554.075 2610.28 1 -75.7464 347.265 2510.42 1 -231.228 48.0909 2389.68 1 209.264 313.828 2734.82 1 226.092 0.268011 2784.63 1 -220.677 -229.395 2230.96 1 195.63 -319.693 2709.04 1 34.7164 102.394 2629.32 1 -80.2907 -116.024 2570.7 1 85.6382 -135.491 2701.34 1 -74.6309 -550.456 2417.66 1 -175.427 -966.252 2530.54 1 -3.98056 -586.901 2723.24 1 66.759 330.546 2622.62 1 -22.0049 -985.982 2679.57 1
117.749 554.628 2602.89 1 -60.7407 349.456 2496.34 1 -196.661 42.6289 2375.24 1 210.791 314.914 2736.79 1 238.412 -1.8334 2811.51 1 -160.582 -250.436 2237.68 1 198.423 -321.077 2734.66 1 38.9093 104.685 2624.67 1 -76.2392 -112.76 2562.78 1 81.8267 -132.868 2702.76 1 -52.4693 -549.188 2417.89 1 -151.159 -970.315 2511.18 1 10.2435 -587.544 2718.41 1 75.0249 332.185 2616.56 1 -7.38878 -994.271 2684.15 1
128.847 553.328 2589.7 1 -46.5211 349.304 2478.06 1 -162.396 32.4199 2362.02 1 209.978 315.887 2734.58 1 243.665 -0.694033 2822.86 1 -95.9814 -271.267 2254.42 1 204.035 -321.899 2752.69 1 41.8916 105.805 2616.61 1 -71.3006 -111.428 2553.54 1 75.41 -130.542 2700.26 1 -31.5279 -548.784 2415.02 1 -118.915 -976.977 2480.26 1 18.3697 -587.922 2714.98 0.5 81.7285 332.596 2606.32 1 0.480034 -1029.74 2681.81 0.5
140.99 553.638 2584.24 1 -25.7388 349.577 2459.79 1 -110.614 16.1239 2345.04 1 214.92 316.173 2731.22 1 245.918 -2.95604 2811.63 1 -3.31328 -289.257 2279.48 1 217.462 -329.113 2780.98 1 55.4763 105.809 2602.24 1 -53.2646 -111.592 2530.45 1 85.9883 -130.921 2687.51 1 9.26513 -548.299 2399.45 1 -42.8942 -983.939 2433.6 1 4.94415 -585.168 2708.44 1 94.5908 332.875 2595.51 1 -52.7558 -1006.52 2709.58 1
154.159 544.333 2529.12 1 -17.3407 329.209 2392.54 1 -34.7337 38.9235 2312.85 1 220.966 305.684 2667.71 1 263.33 -5.30141 2787.35 1 34.3666 -253.86 2292.32 0 316.312 -319.808 2779.45 1 81.5966 88.7484 2528.08 1 -7.45359 -133.155 2446.56 1 130.214 -146.745 2605.52 1 72.0232 -536.518 2344.48 1 15.988 -972.4 2388.15 1 102.681 -588.562 2646.77 1 101.813 317.447 2530.13 1 -46.73 -996.239 2673.94 1
166.892 534.565 2477.93 1 9.28416 320.365 2344.09 1 22.6851 26.3471 2278.61 1 246.111 300.22 2621.31 1 312.793 9.22637 2762.88 1 147.798 -271.084 2245.52 1 383.598 -307.836 2759.29 1 106.274 81.2418 2484.36 1 16.2398 -141.973 2405.71 1 153.459 -153.645 2566.32 1 89.2202 -571.031 2335.64 1 28.6476 -1005.27 2393.7 1 159.321 -604.273 2583.67 1 127.698 310.293 2482.7 1 -49.5227 -977.029 2673.17 1
186.435 531.298 2406.27 1 33.1223 309.716 2288.99 1 60.568 5.10292 2224.7 1 280.934 303.821 2556.63 1 371.842 27.565 2701.31 1 221.421 -277.844 2181.51 1 487.307 -275.47 2714.05 1 139.313 77.6478 2434.16 1 49.4168 -149.756 2367.56 1 193.781 -153.19 2523.48 1 110.735 -589.732 2296.63 1 67.2739 -1014.17 2403.14 1 295.839 -615.515 2484.33 1 157.028 306.768 2422.81 1 32.7076 -943.764 2591.05 1
203.101 532.607 2369.92 1 49.9209 309.212 2263.21 1 75.3465 -12.4367 2177.26 1 311.789 307.6 2516.93 1 412.974 28.7559 2652.57 1 252.649 -280.9 2102.73 1 573.232 -252.063 2671.42 1 166.338 78.9617 2403.6 1 75.4968 -150.013 2343.17 1 228.144 -150.952 2491.07 1 115.81 -600.225 2299.32 1 61.998 -1024.83 2407.5 1 385.625 -608.715 2431.51 1 180.855 308.406 2390.07 1 131.712 -949.79 2538.49 1
230.015 530.391 2323.36 1 65.5347 308.815 2237.69 1 60.2923 -17.3088 2125.65 1 352.953 304.618 2458.96 1 498.083 40.4574 2583.84 1 219.216 -277.94 1996.23 1 711.851 -201.269 2595.17 1 194.046 77.3034 2363.72 1 95.5932 -150.894 2315.01 1 262.105 -153.326 2443.2 1 112.299 -606.524 2296.8 1 63.024 -1033.53 2401.48 1 424.463 -590.097 2382.77 1 209.244 306.717 2348.33 1 305.726 -982.124 2441.82 1
251.615 527.238 2301.03 1 80.0627 306.268 2225.13 1 39.161 -13.1415 2091.76 1 384.204 299.678 2423.24 1 561.996 51.2158 2533.95 1 165.161 -272.317 1929.65 1 805.255 -167.525 2538.11 1 217.373 73.4329 2339.21 1 114.314 -154.194 2296.72 1 290.911 -158.021 2411.75 1 117.987 -612.142 2301.15 1 58.8353 -1032.67 2424.93 1 447.899 -592.663 2355.98 1 232.134 302.973 2324.19 1 437.834 -1003.04 2413.3 1
282.213 517.736 2270.22 1 107.2 295.087 2210.89 1 24.218 -4.09519 2069.67 1 425.456 294.703 2386.01 1 634.09 69.5973 2479.86 1 83.6695 -253.169 1871.99 1 898.939 -126.394 2460.18 1 255.954 65.3845 2316.8 1 152.152 -164.014 2283.74 1 339.007 -164.239 2386.56 1 152.359 -621.793 2295.93 1 77.2273 -1035.76 2432.56 1 505.089 -588.339 2336.92 1 266.328 294.895 2298.45 1 538.944 -1011.8 2364 1
320.539 513.21 2240.92 1 142.125 290.683 2197.76 1 8.73332 8.38241 2060.24 1 474.122 290.711 2344.73 1 701.135 81.3492 2416.42 1 -8.94016 -212.798 1837.42 1 981.904 -89.1702 2366.4 1 298.891 61.322 2292.15 1 191.358 -168.062 2269.53 1 387.96 -168.045 2356.56 1 196.829 -627.298 2266.78 1 91.3771 -1024.51 2426.52 1 555.993 -588.461 2292.67 1 308.124 290.697 2271.25 1 578.674 -1020.44 2330.96 1
352.51 513.152 2219.75 1 172.329 289.07 2190.15 1 0.414484 20.6834 2060.5 1 512.659 292.228 2318.51 1 759.095 92.1661 2369.17 1 -78.1262 -177.872 1829.65 1 1043.44 -61.4132 2287.27 1 336.196 61.2985 2276.67 1 230.05 -168.979 2261.35 1 429.748 -167.126 2336.67 1 234.498 -628.436 2241.6 1 107.268 -1009.17 2423.62 1 584.583 -595.004 2276.96 1 342.494 290.649 2254.33 1 597.684 -1030.89 2324.36 1
381.525 510.196 2202.71 1 199.99 287.417 2182.56 1 -2.79581 34.3527 2067.2 1 546.5 290.637 2294.84 1 788.931 107.159 2330.9 1 -129.034 -149.685 1842.85 1 1070.31 -35.5007 2228.43 1 368.233 59.5908 2260.74 1 261.959 -170.786 2249.98 1 464.483 -168.904 2315.6 1 268.03 -628.709 2207.25 1 123.642 -999.392 2398.85 1 601.305 -603.667 2256.17 1 373.245 289.027 2238.7 1 602.82 -1039.87 2318.49 1
416.607 511.598 2174.75 1 231.678 290.002 2168.87 1 -3.84947 44.6341 2085.61 1 583.995 290.487 2261.74 1 820.869 121.573 2281.17 1 -170.366 -130.334 1877.94 1 1090.66 -15.7605 2149.44 1 401.908 60.9867 2238.99 1 293.153 -168.413 2235.58 1 498.805 -168.13 2289.79 1 320.052 -617.561 2150.06 1 182.462 -976.618 2367.11 1 622.193 -608.752 2242.53 1 407.837 290.245 2215.3 1 605.818 -1044.42 2312.76 1
443.477 516.006 2155.26 1 256.193 293.91 2161.8 1 1.58818 54.3044 2101.81 1 613.334 291.218 2233.73 1 852.626 128.768 2235.89 1 -192.967 -117.583 1912.02 1 1110.76 -7.17057 2081.76 1 428.192 63.3501 2221.82 1 317.49 -165.079 2224.89 1 525.753 -166.649 2266.84 1 349.606 -608.683 2112.53 1 236.751 -972.412 2336.32 1 628.205 -613.9 2241.23 1 434.763 292.564 2197.77 1 599.817 -1048.18 2319.91 1
466.177 517.461 2140.51 1 277.879 296.432 2153.56 1 15.7894 64.6542 2118.41 1 637.865 290.914 2211.52 1 876.411 133.584 2196.9 1 -203.096 -101.293 1945.99 1 1122.83 2.68471 2021 1 450.536 64.4446 2206.28 1 338.42 -163.177 2213.15 1 547.979 -166.39 2246.89 1 380.222 -601.8 2082.85 1 279.681 -980 2287.81 1 622.163 -619.445 2235.35 1 457.872 293.673 2182.54 1 605.052 -1051.6 2328.69 1
484.371 520.283 2120.16 1 294.134 301.035 2145.4 1 27.9609 75.2701 2128.24 1 656.382 291.588 2186.71 1 894.995 135.034 2158.16 1 -208.335 -92.6049 1979.13 1 1134.45 5.49616 1970.79 1 466.256 67.4777 2192.66 1 351.774 -158.605 2207.24 1 562.735 -164.107 2231.3 1 393.636 -592.75 2061.02 1 334.702 -985.371 2251.01 1 612.224 -620.84 2229.82 1 475.258 296.311 2166.06 1 582.448 -1050.88 2330.58 1
500.972 520.361 2103.97 1 309.948 303.739 2137.23 1 36.9867 78.1291 2135.14 1 673.606 290.536 2162.64 1 909.641 138.256 2126.52 1 -214.448 -87.9432 2000.83 1 1140.94 7.66786 1929.29 1 481.594 68.3735 2176.8 1 365.546 -156.547 2196.28 1 577.276 -164.234 2211.07 1 413.708 -582.957 2030.41 1 386.757 -991.309 2190.13 1 613.589 -622.835 2215.36 1 491.777 297.138 2149.93 1 570.98 -1049.46 2325.83 1
519.859 520.591 2073.93 1 328.008 307.934 2121.01 1 47.5655 78.0075 2132.65 1 691.938 288.211 2124.76 1 918.319 142.131 2082.3 1 -220.166 -77.1226 2012.26 1 1144.56 12.6397 1878.08 1 497.297 69.745 2152.14 1 378.582 -152.836 2180.31 1 590.66 -164.33 2182.5 1 435.129 -576.836 2009.75 1 455.102 -1000.18 2090.81 1 615.166 -624.02 2191.49 1 509.973 298.073 2122.88 1 576.246 -1044.71 2323.15 1
531.589 519.535 2048.84 1 340.174 308.848 2107.67 1 58.3217 78.4687 2127.83 1 703.824 286.072 2094.17 1 927.69 136.645 2040.62 1 -216.497 -74.9243 2013.76 1 1157.76 11.7714 1837.47 1 508.863 69.3725 2131.89 1 389.9 -152.086 2166.79 1 601.554 -165.343 2158.93 1 454.242 -579.255 2006.89 1 501.373 -1007.95 2021.39 1 618.136 -625.272 2177.89 1 521.999 297.46 2100.92 1 582.436 -1042.67 2321.33 1
538.693 515.826 2025.8 1 347.406 307.87 2092.31 1 73.1886 80.7107 2120.93 1 710.49 281.847 2067 1 930.259 132.07 2006.19 1 -207.462 -67.1132 2014.03 1 1161.95 14.073 1800.65 1 514.903 67.0681 2112.39 1 395.159 -153.147 2152.49 1 606.555 -168.298 2137.75 1 469.716 -580.299 1996.65 1 534.852 -1010.39 1974.18 1 620.63 -629.011 2152.32 0.5 528.948 294.858 2079.65 1 591.585 -1051.71 2283.1 0.5
541.508 511.279 2001.78 1 350.436 306.598 2078.03 1 81.625 79.8304 2107.98 1 712.146 277.005 2039.35 1 931.326 126.161 1973.89 1 -201.383 -67.8923 2003.47 1 1161.49 -6.4882 1776.21 1 516.363 64.3163 2093.13 1 396.485 -154.583 2138.79 1 606.383 -171.755 2116.34 1 482.625 -579.981 1983.99 1 559.966 -1010.66 1947.17 1 618.127 -632.627 2127.56 0.5 531.291 291.801 2058.69 1 594.563 -1059.19 2246.37 0.5
540.588 507.565 1980.25 1 350.32 303.347 2063.07 1 82.8404 72.8864 2091.48 1 711.103 273.353 2015.3 1 932.297 119.149 1944.45 1 -201.36 -73.8393 1983.57 1 1137.08 -43.2653 1744.5 1 516.709 61.1931 2076.06 1 397.821 -157.244 2126.81 1 607.59 -174.683 2099.04 1 495.04 -581.899 1976.55 1 572.709 -1012.95 1924.91 1 638.394 -632.216 2112.89 1 530.711 288.35 2039.19 1 577.164 -1034.38 2285.59 1
537.891 509.123 1965.48 1 349.571 302.353 2048.31 1 87.9018 62.4588 2073.24 1 709.907 274.213 1995.1 1 946.732 100.063 1927.98 1 -195.285 -78.9599 1957.37 1 1116.91 -56.2222 1734.25 0 516.992 60.6255 2055.78 1 399.41 -158.845 2105.33 1 609.079 -175.219 2074.37 1 500.913 -583.016 1956.1 1 572.341 -1016.63 1907.26 1 667.462 -626.223 2037.36 1 529.739 288.283 2021.7 1 589.411 -1004.06 2248.86 1
533.271 508.976 1953.59 1 349.934 296.073 2032.7 1 92.9417 53.7472 2051.15 1 710.345 276.63 1976.16 1 939.281 94.6261 1902.8 1 -187.458 -87.7549 1929.37 1 1112.23 -68.1947 1717.07 0 522.229 57.7818 2032.6 1 409.402 -165.128 2077.23 1 619.234 -176.448 2044.31 1 512.477 -589.588 1929.64 1 578.086 -1026.08 1905.63 1 695.969 -619.5 1965.99 1 530.139 286.351 2004.43 1 620.942 -975.452 2213.02 1
522.778 509.494 1931.14 1 346.859 289.348 2007.38 1 102.463 39.8896 2017.6 1 706.986 282.185 1946.94 1 925.184 90.092 1866.89 1 -169.831 -104.766 1884.11 1 1114.46 -78.033 1703.1 0 526.19 56.5675 1999.96 1 420.592 -170.546 2040.35 1 630.321 -174.718 2005.16 1 516.752 -597.907 1896.59 1 585.055 -1032.68 1916.38 1 728.038 -599.418 1869.35 1 526.923 285.767 1977.16 1 632.823 -939.23 2132.99 1
514.657 510.586 1905.89 1 345.079 288.167 1987.51 1 112.233 26.4334 1990.25 1 704.025 287.792 1919.84 1 913.443 85.1297 1842.44 1 -147.691 -128.675 1847.37 1 1115.91 -82.8297 1695.08 0 528.636 58.7556 1976.61 1 428.241 -170.359 2019.24 1 637.201 -170.577 1979.84 1 526.823 -596.643 1873.54 1 561.198 -1038.62 1883.49 0 722.638 -599.597 1842.06 1 524.552 287.98 1953.67 1 645.415 -959.149 2084.85 1
510.394 515.085 1888.28 1 345.797 288.616 1970.38 1 126.594 16.2297 1966.61 1 703.401 295.367 1896.12 1 903.259 83.0574 1819.31 1 -117.896 -154.122 1816.57 1 1117.33 -85.1762 1689.74 0 533.048 62.5718 1953.07 1 437.402 -168.813 1994.52 1 645.59 -164.883 1951.29 1 535.19 -594.796 1847.4 1 552.336 -1037.86 1852.37 0 711.18 -585.19 1780.95 1 524.599 291.992 1933.25 1 679.295 -944.453 2032.32 1
506.958 514.979 1866.48 1 346.37 287.281 1953.15 1 141.797 7.60897 1946.28 1 702.133 296.494 1870.6 1 894.985 77.1835 1795.57 1 -83.808 -181.557 1791.39 1 1120.52 -89.5911 1684.95 0 534.787 62.4867 1931.68 1 441.15 -169.612 1975.65 1 649.494 -164.217 1927.31 1 532.594 -601.451 1842.16 1 541.151 -1044.78 1844.64 0 699.965 -600.795 1787.6 0.5 524.251 291.888 1911.87 1 673.564 -978.104 2019.03 0.5
504.282 515.404 1846.1 1 345.942 287.831 1936.5 1 161.399 1.80183 1928.13 1 699.746 297.289 1845.83 1 887.832 71.304 1768.9 1 -47.8374 -201.813 1770.58 1 1051.65 -156.019 1622.65 1 534.065 63.1551 1911.02 1 441.556 -169.023 1957.46 1 649.018 -163.477 1904.29 1 528.461 -604.54 1833.2 1 532.735 -1047.94 1834.44 0 679.68 -591.566 1744.41 1 522.844 292.56 1891.16 1 683.136 -979.424 1800.52 1
503.485 516.032 1827.42 1 346.595 288.965 1921.04 1 183.699 -0.598927 1912.57 1 698.078 297.612 1821.67 1 870.165 70.9525 1748.51 1 -9.71454 -217.218 1757.43 1 995.057 -177.244 1588.46 1 533.586 63.8609 1891.18 1 442.133 -168.094 1940.05 1 647.54 -163.04 1881.98 1 528.39 -607.588 1830.18 1 530.526 -1051 1830.8 0 664.325 -580.919 1687.65 1 522.337 293.289 1871.36 1 666.164 -1023.33 1717.51 0
501.957 510.371 1789.59 1 348 285.213 1896.08 1 208.438 -6.35406 1891.31 1 694.177 289.61 1780.33 1 849.386 65.1293 1714.59 1 37.3717 -240.94 1743.02 1 942.231 -203.551 1559.23 1 531.785 58.2988 1861.49 1 441.402 -172.098 1918.57 1 643.561 -169.53 1850.98 1 520.247 -614.505 1815 1 521.314 -1057.92 1815.31 0 641.799 -577.85 1636.64 1 521.089 287.411 1838.2 1 642.691 -1021.03 1651.12 0
502.123 506.012 1762.68 1 351.825 281.593 1875.4 1 225.719 -12.673 1874.67 1 693.499 283.059 1746.88 1 836.03 48.8087 1681.08 1 76.576 -263.659 1733.76 1 901.307 -234.658 1533.34 1 532.437 53.1639 1834.51 1 442.605 -176.426 1895.35 1 641.819 -175.571 1820.41 1 512.337 -621.207 1795.48 1 512.87 -1064.63 1795.63 0 626.785 -580.12 1599.55 1 522.662 282.326 1811.14 1 627.223 -1023.48 1606.67 0
503.281 500.776 1738.72 1 355.938 276.767 1857.23 1 240.358 -15.8315 1859.84 1 693.094 275.523 1717.16 1 825.639 32.6634 1650.16 1 108.023 -280.969 1729.52 1 861.944 -259.421 1506.4 1 533.388 46.9391 1810.58 1 444.038 -181.904 1874.78 1 640.483 -182.629 1793.17 1 497.61 -629.704 1778.49 1 497.877 -1073.13 1778.56 0 612.221 -588.346 1575.77 1 524.516 276.145 1787.19 1 612.438 -1031.75 1579.31 0
504.467 495.05 1715.23 1 361.802 270.777 1839.07 1 256.169 -18.9097 1844.92 1 694.053 268.537 1687.66 1 811.932 14.7967 1621.88 1 136.725 -296.726 1729.68 1 826.992 -279.172 1475.1 1 536.798 40.3916 1786.22 1 448.907 -188.221 1853.17 1 642.428 -189.526 1764.98 1 479.588 -636.752 1750.48 1 479.721 -1080.17 1750.52 0 602.082 -594.516 1548.14 1 527.928 269.657 1763.37 1 602.191 -1037.93 1549.9 0
504.348 491.158 1683.96 1 367.445 267.501 1819.4 1 270.133 -23.9989 1834.44 1 694.841 264.039 1657.68 1 798.508 -3.03521 1593.86 1 163.264 -313.217 1734.13 1 797.107 -299.969 1450.2 1 541.547 36.9234 1764.5 1 456.63 -190.915 1837.55 1 647.273 -192.931 1743.38 1 456.598 -639.16 1729.18 1 456.665 -1082.58 1729.2 0 593.776 -600.871 1535.07 1 531.143 265.77 1738.54 1 593.83 -1044.29 1535.95 0
505.394 489.271 1658.83 1 373.012 266.54 1802.01 1 282.585 -30.5191 1825.7 1 695.316 262.155 1630.32 1 781.199 -19.0038 1565.97 1 186.496 -326.915 1738.31 1 769.932 -321.278 1433.03 1 545.531 35.6787 1743.34 1 463.068 -191.713 1820.51 1 650.729 -194.267 1720.54 1 425.85 -635.757 1701.73 1 425.883 -1079.18 1701.74 0 582.347 -604.535 1521.36 1 534.164 264.348 1716.16 1 582.374 -1047.96 1521.8 0
505.96 485.471 1635.76 1 378.238 264.641 1785.63 1 294.818 -30.2852 1820.33 1 694.523 258.863 1603.18 1 761.625 -34.478 1538.97 1 208.995 -330.939 1745.18 1 735.472 -340.436 1418.89 1 548.764 33.3186 1723.1 1 469.063 -193.432 1804.93 1 653.233 -196.797 1698.68 1 396.85 -632.685 1684.47 1 396.866 -1076.11 1684.48 0 570.758 -610.386 1512.11 1 536.381 261.751 1694.4 1 570.771 -1053.81 1512.33 0
505.039 483.164 1613.73 1 382.798 263.79 1770.47 1 307.093 -26.08 1816.98 1 692.063 257.078 1576.48 1 740.326 -43.7244 1514.46 1 235.689 -332.353 1756.41 1 699.546 -353.53 1409.51 1 550.881 32.1372 1702.81 1 474.288 -194.205 1788.64 1 654.375 -198.114 1675.67 1 374.826 -629.492 1673.31 1 374.834 -1072.91 1673.32 0 567.56 -622.348 1517.07 1 537.43 260.434 1673.47 1 567.567 -1065.77 1517.18 0
501.295 483.646 1593.69 1 386.543 265.161 1757.86 1 318.006 -23.4057 1815.64 1 686.757 257.664 1550.41 1 717.181 -45.3386 1493.7 1 256.608 -332.534 1759.55 1 667.055 -358.452 1403.6 1 551.746 33.3175 1684.22 1 477.343 -192.543 1776.16 1 656.341 -197.013 1652.47 1 355.688 -624.598 1670.35 1 355.693 -1068.02 1670.35 0 568.135 -629.447 1525.07 1 536.65 261.413 1654.14 1 524.941 -1063.54 1478.65 1
490.142 484.799 1574.2 1 385.956 268.01 1747.76 1 330.421 -21.3303 1816.82 1 668.103 257.67 1517.8 1 686.641 -36.2887 1468.03 1 272.137 -329.347 1752.02 1 617.28 -350.54 1400.61 1 542.633 34.6843 1662.18 1 474.972 -190.42 1759.45 1 641.503 -196.523 1623.72 1 380.919 -632.746 1669.07 0.5 380.922 -1076.17 1669.07 0.5 545.067 -636.045 1522.79 1 527.029 262.84 1632.78 1 523.297 -1078.31 1499.39 0
477.466 484.036 1561.97 1 382.599 268.582 1742.37 1 338.858 -16.6743 1817.97 1 649.048 254.774 1494.66 1 661.332 -39.1474 1443.04 1 278.427 -325.476 1758.74 1 560.948 -346.423 1394.95 1 531.191 33.4829 1647.77 1 468.643 -190.675 1749.45 1 624.475 -198.75 1604.58 1 308.941 -617.385 1678.17 1 306.952 -1060.8 1678.18 0 534.051 -645.304 1533.3 1 515.823 261.678 1618.52 1 523.202 -1088.44 1521.64 0
464.673 486.487 1555.35 1 377.898 271.561 1740.09 1 342.083 -15.3724 1819.76 1 629.477 256.401 1477.18 1 635.148 -42.0911 1422.03 1 280.578 -325.416 1768.79 1 512.435 -342.383 1390.98 1 519.278 35.6552 1636.72 1 461.54 -188.252 1741.43 1 608.196 -197.089 1588.17 1 293.119 -613.032 1679.27 1 292.125 -1056.45 1679.28 0 521.146 -645.877 1527.52 1 503.687 263.981 1608.63 1 515.733 -1089.23 1521.7 0
449.934 485.633 1549.51 1 372.527 269.855 1737.52 1 342.334 -10.7162 1821.5 1 610.891 255.577 1462.2 1 610.551 -44.0509 1404.49 1 280.066 -322.79 1794.98 1 468.21 -337.334 1387.53 1 508.787 34.3296 1626.49 1 456.483 -189.901 1733.25 1 595.247 -198.213 1572.98 1 282.153 -613.022 1676.29 1 281.656 -1056.44 1676.29 0 514.69 -649.471 1522.55 1 491.709 262.716 1599.86 1 511.986 -1092.87 1519.64 0
435.31 484.858 1546.59 1 365.549 267.765 1736.28 1 339.873 -9.76911 1826.21 1 592.042 255.15 1450.75 1 584.742 -45.0377 1389.73 1 277.199 -322.779 1817.91 1 428.367 -332.497 1382.82 1 497.144 32.9534 1618.16 1 449.59 -191.88 1725.89 1 581.395 -199.221 1559.73 1 265.861 -612.181 1678.37 1 265.612 -1055.6 1678.38 0 501.61 -651.832 1521.72 1 478.796 261.458 1593.51 1 500.259 -1095.25 1520.27 0
409.704 485.284 1544.09 1 351.248 266.762 1736.45 1 332.551 -9.08919 1832.04 1 561.492 257.393 1438.78 1 551.725 -36.5203 1377.95 1 267.46 -321.871 1837.8 1 390.41 -322.247 1370.17 1 477.638 33.5991 1609.82 1 436.928 -192.117 1719.79 1 560.883 -197.641 1544.29 1 263.929 -616.354 1670.2 1 185.72 -1044.08 1645.35 1 473.841 -649.578 1515.24 1 456.37 262.077 1587.61 1 473.166 -1093 1514.51 0
386.91 483.095 1545.88 1 337.068 262.783 1738.03 1 320.832 -11.6681 1837.69 1 536.102 257.707 1432.38 1 520.81 -36.775 1366.44 1 258.242 -325.341 1844.97 1 351.379 -316.984 1360.2 1 459.81 31.6722 1604.12 1 424.421 -195.406 1713.05 1 541.648 -198.395 1533.03 1 254.277 -621.198 1665.59 1 134.746 -1040.51 1631.37 1 461.944 -652.337 1517.19 1 436.585 260.245 1585.2 1 461.607 -1095.76 1516.82 0
365.416 479.018 1549.79 1 321.788 256.221 1740.02 1 306.746 -10.469 1845.24 1 512.745 256.114 1428.93 1 491.863 -37.4003 1358.2 1 245.717 -322.486 1822.53 1 321.061 -317.668 1351.91 1 442.204 27.5174 1599.86 1 410.83 -201.101 1706.98 1 523.453 -201.164 1523.51 1 240.238 -627.111 1662.38 1 98.2415 -1041.69 1625.2 1 444.595 -655.487 1517.24 1 417.267 256.167 1584.48 1 444.426 -1098.91 1517.06 0
345.668 478.842 1559.26 1 304.476 253.64 1745.84 1 290.208 -9.35222 1851.9 1 488.587 257.873 1430.49 1 465.886 -38.7224 1354.1 1 252.095 -322.883 1868.62 1 294.324 -319.803 1344.29 1 421.491 26.8831 1599.67 1 392.582 -203.229 1703.44 1 500.32 -200.751 1518.9 1 193.487 -618.678 1682.7 1 121.153 -1055.75 1663.76 0 420.823 -654.996 1521.85 1 396.531 255.756 1588.17 1 420.739 -1098.42 1521.76 0
323.065 479.579 1566.49 1 284.551 251.296 1749.87 1 255.51 -19.3665 1879.55 1 465.918 261.393 1432.9 1 442.428 -38.3649 1352.04 1 254.571 -320.461 1895.65 0 274.043 -322.133 1337.73 1 401.74 27.4949 1599.26 1 375.344 -204.3 1699.59 1 481.146 -198.41 1514.69 1 162.077 -613.179 1698.21 1 126.117 -1055.04 1688.79 0 397.119 -651.843 1517.04 1 375.234 256.345 1591.39 1 397.077 -1095.26 1516.99 0
303.132 478.873 1573.12 1 262.12 247.917 1751.31 1 225.958 -9.99391 1903.27 1 446.438 264.069 1436.23 1 422.228 -37.6753 1354.02 1 253.474 -310.234 1907.41 0 258.98 -323.586 1332.31 1 381.579 27.1378 1598.01 1 355.173 -206.424 1694.06 1 462.585 -197.011 1510.44 1 132.371 -609.843 1710.78 1 114.492 -1052.88 1706.09 0 362.767 -647.22 1506.53 1 354.279 255.993 1593.77 1 362.745 -1090.64 1506.5 0
267.661 478.676 1583.47 1 224.108 243.748 1756.03 1 185.331 -5.25277 1921.6 1 416.332 269.271 1446.52 1 395.678 -37.337 1361.56 1 247.749 -300.213 1917.06 0 241.434 -326.194 1333.28 1 350.728 28.0496 1601.38 1 327.916 -207.49 1687.35 1 434.556 -193.331 1515.64 1 98.5049 -604.881 1733.37 1 89.5958 -1048.21 1731.04 0 318.564 -634.569 1469 1 320.22 256.51 1601.28 1 254.971 -1064.29 1426.03 1
238.255 477.843 1587.65 1 193.242 239.511 1757.24 1 169.309 2.05622 1912.71 1 392.589 271.607 1452.88 1 375.374 -36.6836 1369.83 1 184.133 -311.261 1923.26 1 231.062 -329.088 1336.6 1 326.833 27.5752 1603.24 1 305.165 -209.358 1686.28 1 416.336 -191.459 1516.54 1 99.6543 -618.396 1742.14 1 95.2081 -1061.79 1740.97 0 280.05 -623.076 1443.06 1 292.915 255.559 1605.06 1 172.974 -1040.82 1373.33 1
213.388 481.511 1600.7 1 167.862 241.082 1764.6 1 140.223 14.761 1944.94 1 368.473 280.633 1461.84 1 357.203 -35.3417 1377.93 1 133.937 -293.248 1899.57 1 224.021 -330.622 1343.33 1 304.887 33.3705 1607.83 1 285.778 -205.123 1686.7 1 397.434 -183.11 1518.19 1 102.906 -624.427 1745.09 1 100.685 -1067.84 1744.5 0 248.655 -608.809 1430.36 1 268.167 260.857 1613.22 1 117.582 -1019.5 1346.37 1
190.499 485.934 1609.74 1 142.251 243.335 1768.38 1 121.219 24.3744 1936.05 1 348.747 288.245 1470.35 1 343.626 -35.6757 1386.49 1 93.0319 -284.358 1880.33 1 216.721 -331.529 1352.68 1 284.485 38.7071 1612.16 1 266.352 -200.799 1687.39 1 380.591 -175.953 1522.51 1 107.415 -629.825 1745.21 1 106.305 -1073.24 1744.92 0 214.631 -594.311 1428.12 1 245.499 265.79 1619.36 1 61.0461 -997.26 1337.59 1
157.639 492.21 1621.26 1 110.033 247.17 1775.87 1 77.9128 34.647 1962.1 1 318.044 298.324 1479.84 1 323.524 -30.9032 1400.47 1 43.4611 -267.688 1876.36 1 194.953 -325.806 1389.5 1 256.616 46.3894 1618.66 1 240.191 -194.478 1693.43 0.5 358.196 -165.459 1525.49 1 47.2725 -604.51 1607.85 0.5 -135.618 -999.975 1525.51 0.5 165.943 -574.076 1440.21 1 214.038 272.747 1627.86 1 -15.919 -967.318 1358.33 1
132.47 494.046 1630.5 1 85.5774 248.587 1782.31 1 52.6497 20.6794 1942.66 1 292.687 303.836 1486.3 1 305.593 -22.4932 1412.35 1 -8.00902 -281.579 1869.05 1 172.338 -314.788 1418.74 1 233.821 50.3186 1623.41 1 218.996 -191.451 1697.58 0.5 338.025 -159.698 1527.46 1 8.59322 -594.959 1622.89 0.5 -192.461 -983.595 1551.05 0.5 128.215 -562.07 1452.98 1 189.132 276.212 1634.31 1 -72.0276 -949.137 1381.43 1
109.25 494.246 1635.11 1 64.3203 248.266 1786.23 1 25.8183 -7.6631 1925.83 1 270.81 306.272 1490.25 1 288.314 -17.9767 1421.33 1 -66.1635 -304.934 1860.53 1 146.707 -305.01 1444.7 1 214.655 51.8734 1626.92 1 203.383 -189.917 1699.25 1 320.106 -157.128 1531.95 1 102.502 -637.461 1746.1 1 106.348 -1080.86 1744.14 0 93.7091 -552.676 1469.61 1 167.565 277.269 1638.24 1 -123.231 -933.096 1409.7 1
89.1183 491.457 1637.43 1 42.1406 245.195 1786.72 1 -0.0938663 -28.3278 1913.42 1 252.382 305.346 1493.84 1 270.193 -17.1701 1428.73 1 -117.637 -318.742 1854.13 1 118.964 -296.324 1472.22 1 195.631 50.1397 1628.76 1 185.304 -191.784 1699.02 1 302.697 -158.198 1535.48 1 105.351 -644.388 1736.76 1 107.274 -1087.8 1735.78 0 65.6051 -549.569 1485.94 1 147.261 275.27 1640.28 1 -161.994 -925.929 1438.32 1
60.1175 488.57 1641.6 1 11.6362 241.869 1787.27 1 -38.5543 -36.6548 1904.23 1 225.178 305.949 1497.64 1 240.966 -20.1715 1438.27 1 -180.98 -316.112 1852.7 1 76.31 -282.859 1512.86 1 169.655 49.4429 1630.58 1 160.064 -193.28 1701.21 0.5 281.741 -156.767 1536.18 1 -83.0515 -584.117 1672.78 0.5 -316.671 -960.013 1645.45 0.5 39.1381 -546.781 1507.82 1 118.407 273.909 1642.46 1 -193.947 -921.816 1480.54 1
36.7966 488.161 1644.67 1 -14.8371 240.765 1789.42 1 -69.7746 -44.8282 1900.11 1 200.098 304.569 1500.71 1 214.79 -19.1214 1446.06 1 -227.077 -314.956 1851.77 1 39.3213 -269.037 1539.42 1 142.672 47.9458 1632.66 1 133.799 -194.264 1699.38 1 251.626 -159.287 1541.11 1 90.6509 -651.869 1736.84 1 93.265 -1095.28 1735.99 0 15.0137 -553.712 1537.05 1 92.6304 272.667 1645.07 1 -212.405 -932.978 1533.14 1
16.1105 489.854 1642.7 1 -36.9069 245.586 1790.13 1 -100.371 -48.9115 1900.06 1 178.724 304.736 1500.96 1 188.917 -19.3161 1451.82 1 -262.478 -314.701 1852.71 1 5.55444 -259.971 1556.35 1 121.913 50.4901 1637.62 1 112.031 -190.883 1711.35 0.5 233.805 -157.479 1548.05 1 -124.135 -586.934 1717.39 0.5 -351.181 -967.774 1723.2 0.5 -1.99886 -552.924 1554.08 1 70.9087 275.161 1645.54 1 -228.687 -933.164 1559.88 1
-3.23722 484.692 1637.21 1 -57.3047 242.012 1787.2 1 -124.161 -54.4565 1898.04 1 157.461 296.266 1496.45 1 163.02 -21.8047 1456.69 1 -292.854 -315.61 1853.96 1 -24.6369 -258.342 1565.19 1 101.389 44.4399 1637.8 1 91.1253 -195.814 1717.13 0.5 214.274 -164.705 1550.41 1 -151.183 -587.805 1734.35 0.5 -384.155 -964.73 1750.91 0.5 -27.7475 -556.231 1567.61 1 50.0782 269.139 1641.82 1 -260.437 -932.701 1584.15 1
-19.7284 481.102 1634.94 1 -82.9224 241.953 1787.36 1 -146.623 -55.2477 1901.47 1 137.704 286.563 1499.56 1 135.73 -29.2015 1459.57 1 -312.637 -315.59 1858.03 1 -55.951 -261.128 1572 1 73.088 38.3928 1643.48 1 55.0596 -200.358 1726.63 1 182.511 -174.587 1560.38 1 83.6466 -655.663 1755.85 1 115.889 -1096.83 1765.03 1 -60.8826 -565.665 1575.39 1 27.3906 264.258 1643.46 1 -294.904 -941.703 1589.83 1
-35.3127 477.171 1631.28 1 -106.893 239.988 1783.39 1 -168.335 -54.6554 1908.67 1 120.234 279.187 1499.91 1 112.427 -38.401 1461.98 1 -329.144 -315.989 1864.63 1 -84.3921 -264.163 1578.4 1 47.143 32.725 1642.71 1 21.7626 -205.503 1725.95 0.5 153.469 -182.772 1561.57 1 -220.882 -597.361 1741.38 0.5 -454.189 -974.15 1756.22 0.5 -89.1013 -574.509 1577 1 6.67038 259.587 1641.65 1 -322.336 -951.181 1591.83 1
-52.2709 475.081 1625.97 1 -131.902 241.58 1779.33 1 -191.705 -53.8484 1915.78 1 101.383 272.935 1499.96 1 88.8895 -44.0919 1462.49 1 -343.296 -319.284 1871.51 1 -110.602 -267.278 1579.8 1 20.2985 29.6167 1643.79 1 -11.9139 -207.133 1729.09 0.5 123.627 -188.915 1566.77 1 -252.69 -600.444 1729.68 0.5 -484.203 -978.629 1730.24 0.5 -116.984 -581.957 1567.36 1 -15.2595 257.257 1639.64 1 -348.338 -959.882 1567.93 1
-67.3062 473.6 1619.89 1 -155.518 248.209 1781.24 1 -213.374 -48.8646 1923.07 1 78.1035 259.684 1501.16 1 64.9737 -49.0495 1464.44 1 -346.958 -323.362 1884.06 1 -135.02 -273.749 1578.18 1 -13.8709 25.428 1652.55 1 -56.9724 -206.427 1745.36 1 78.9036 -199.753 1582.46 1 -3.46103 -663.639 1748.65 1 48.5867 -1103.69 1749.46 1 -142.311 -602.869 1565.35 1 -38.7074 253.946 1641.2 1 -355.015 -990.48 1548.9 1
-91.0256 473.64 1616.27 1 -187.212 252.787 1780.17 1 -247.746 -72.4985 1934.64 1 52.251 255.546 1504.63 1 27.8967 -59.961 1466.29 1 -340.024 -351.466 1860.44 1 -162.379 -299.812 1561.51 1 -47.5091 25.2497 1657.46 1 -100.873 -204.512 1756.91 0.5 45.798 -202.823 1588.15 1 -345.709 -594.962 1740.42 0.5 -455.639 -1024.46 1731.92 0.5 -199.037 -593.272 1571.65 1 -67.4806 254.167 1642.4 1 -308.967 -1022.77 1563.15 0
-112.787 480.019 1619.51 1 -211.628 261.495 1785.32 1 -254.803 -18.7832 1887.78 0.5 28.0712 258.896 1509.69 1 -2.5606 -60.6907 1467.67 1 -337.354 -300.838 1820.34 0.5 -171.112 -323.383 1525.55 1 -75.5847 30.9444 1663.75 1 -134.614 -197.491 1766.49 0.5 15.8321 -199.122 1593.5 1 -360.755 -599.341 1759.87 0.5 -415.24 -1039.38 1755.65 0.5 -210.309 -600.972 1586.87 1 -91.7784 260.195 1647.51 1 -264.794 -1041.01 1582.65 0
-131.392 488.063 1623.61 1 -232.114 270.271 1789.85 1 -268.613 -17.5823 1871.87 0.5 10.7219 265.073 1516.86 1 -23.7811 -60.3422 1467.83 1 -342.805 -303.3 1810.39 0.5 -185.544 -332.507 1492.89 1 -96.5018 38.2609 1670.35 1 -158.259 -189.525 1772.73 0.5 -6.35591 -192.776 1601.96 1 -357.621 -605.363 1772.22 0.5 -384.583 -1047.96 1770.13 0.5 -205.717 -608.615 1601.45 1 -110.696 267.672 1653.36 1 -232.68 -1051.21 1599.37 0
-149.393 492.125 1632.17 1 -250.37 271.953 1796.31 1 -280.778 -20.7921 1861.84 0.5 -4.93175 269.312 1525.53 1 -40.3829 -56.6644 1470.91 1 -347.438 -309.489 1805.9 0.5 -206.242 -328.677 1481.04 1 -113.598 41.0299 1675.9 1 -174.932 -187.761 1774.04 0.5 -24.1584 -189.384 1607.71 1 -353.324 -613.017 1773.01 0.5 -366.717 -1056.24 1771.97 0.5 -202.55 -614.64 1606.67 1 -127.651 270.633 1660.92 1 -215.943 -1057.86 1605.63 0
-168.737 493.655 1639.47 1 -269.518 271.529 1802.12 1 -294.593 -24.365 1854.43 0.5 -19.5321 272.654 1535.55 1 -52.6824 -50.8386 1476.98 1 -354.474 -315.483 1803.61 0.5 -226.33 -318.158 1477.73 1 -128.212 42.579 1683.17 1 -188.767 -187.279 1779.46 0.5 -35.0327 -186.588 1615.53 1 -354.672 -617.523 1785.2 0.5 -361.344 -1060.89 1784.68 0.5 -200.937 -616.831 1621.26 1 -144.525 272.092 1668.84 1 -207.61 -1060.2 1620.74 0
-187.123 497.752 1651.12 1 -288.387 273.104 1810.17 1 -308.913 -24.8122 1851.91 0.5 -32.9764 278.72 1548.9 1 -62.8675 -44.5483 1487.98 1 -362.7 -317.897 1805.8 0.5 -239.362 -310.237 1483.99 1 -142.901 46.3904 1691.99 1 -204.196 -184.87 1785.32 0.5 -46.0437 -181.393 1623.55 1 -364.345 -617.307 1789.51 0.5 -367.675 -1060.72 1789.26 0.5 -206.192 -613.83 1627.74 1 -160.682 275.912 1679.54 1 -209.522 -1057.24 1627.48 0
-215.743 496.109 1668.2 1 -318.042 265.012 1817.2 1 -334.754 -34.2025 1850.52 0.5 -46.7363 285.403 1574.84 1 -77.0692 -38.6108 1509.15 1 -383.065 -328.885 1808.72 0.5 -257.08 -301.623 1495.87 1 -157.159 46.3538 1705.01 1 -215.158 -188.755 1788.35 1 -48.6991 -176.244 1639.65 1 -253.057 -633.196 1801.57 1 -289.493 -1060.55 1814.27 1 -210.679 -607.904 1649.63 1 -182.389 275.207 1696.02 1 -212.342 -1051.32 1649.5 0
-241.364 494.372 1684.19 1 -343.596 258.098 1824.47 1 -357.148 -41.9477 1851.07 0.5 -59.0999 291.131 1599.68 1 -80.9655 -31.8798 1528.82 1 -400.541 -337.926 1813.22 0.5 -268.3 -287.547 1503.44 1 -169.055 46.6252 1719.45 1 -224.181 -191.514 1795.89 0.5 -49.3413 -171.214 1657.74 1 -388.029 -622.568 1792.2 0.5 -388.86 -1065.99 1792.14 0.5 -213.189 -602.268 1654.05 1 -201.348 274.614 1712.08 1 -214.02 -1045.69 1653.99 0
-265.21 491.953 1696.18 1 -367.969 252.719 1831.29 1 -378.925 -47.8591 1852.52 0.5 -71.5034 295.991 1624.48 1 -83.4986 -27.5742 1551.15 1 -417.903 -344.888 1818.28 0.5 -269.359 -280.71 1512.76 1 -180.426 47.5392 1736.78 1 -233.415 -192.749 1810.06 0.5 -48.8169 -165.805 1681.29 1 -400.68 -622.219 1794.42 0.5 -401.096 -1065.64 1794.38 0.5 -216.082 -595.275 1665.64 1 -219.736 274.355 1727.88 1 -216.498 -1038.7 1665.61 0
-286.216 488.209 1708.59 1 -391.561 245.418 1838.24 1 -400.399 -55.502 1855.2 0.5 -83.0643 295.512 1651.67 1 -92.5705 -27.687 1575.97 1 -435.413 -353.384 1824.23 0.5 -263.126 -286.961 1521.78 1 -194.067 44.384 1755.76 1 -249.042 -197.646 1825.97 1 -52.5991 -165.747 1707.16 1 -383.668 -638.332 1807.57 0.5 -384.042 -1081.75 1807.54 0.5 -226.627 -591.778 1677.51 1 -237.313 270.465 1744.95 1 -226.835 -1035.2 1677.5 0
-307.031 487.584 1722.26 1 -414.723 242.5 1848.8 1 -421.839 -58.6384 1862.34 0.5 -97.6341 298.506 1678.46 1 -99.6024 -30.5866 1602.27 1 -453.295 -357.211 1834.36 0.5 -252.886 -296.745 1535.2 1 -209.107 45.3134 1777.21 1 -263.754 -197.843 1845.44 1 -60.3164 -161.91 1736.15 1 -371.654 -645.82 1826.97 0.5 -371.99 -1089.24 1826.93 0.5 -236.543 -585.592 1690.27 1 -256.179 270.503 1763.63 1 -236.646 -1029.01 1690.26 0
-325.324 489.578 1737.56 1 -436.995 244.334 1858.01 1 -442.717 -56.9435 1868.84 0.5 -110.534 303.849 1707.86 1 -104.037 -31.2962 1630.12 1 -470.98 -356.077 1843.56 0.5 -234.844 -305.767 1552.59 1 -224.594 49.6464 1800.88 1 -281.317 -194.104 1867.53 1 -69.5278 -155.494 1770.12 1 -367.598 -646.794 1850.38 0.5 -367.9 -1090.22 1850.34 0.5 -241.843 -578.907 1709.33 1 -273.765 274.092 1782.94 1 -241.895 -1022.33 1709.32 0
-342.845 489.704 1752.68 1 -458.187 242.514 1866.87 1 -462.783 -58.8534 1875.52 0.5 -123.484 305.666 1737.99 1 -107.234 -27.9997 1660.66 1 -488.179 -358.441 1852.7 0.5 -214.022 -310 1575.09 1 -240.551 50.1054 1823.26 1 -298.534 -194.307 1885.79 1 -81.9978 -153.451 1802.41 1 -367.45 -650.032 1870.55 0.5 -367.721 -1093.45 1870.51 0.5 -250.075 -574.74 1719.15 1 -290.835 274.09 1802.43 1 -250.101 -1018.16 1719.15 0
-359.061 489.656 1768.26 1 -477.527 240.608 1876.87 1 -481.216 -60.8169 1883.79 0.5 -137.574 308.582 1764.51 1 -107.817 -27.6403 1691.43 1 -504.038 -360.772 1863.19 0.5 -194.518 -316.116 1603.89 1 -255.113 51.3698 1844.3 1 -310.789 -193.472 1903.64 1 -94.5648 -150.238 1832.17 1 -365.807 -651.148 1890.49 0.5 -366.051 -1094.57 1890.45 0.5 -252.384 -567.763 1716.26 1 -307.55 274.595 1820.69 1 -252.397 -1011.18 1716.26 0
-378.217 498.119 1797.53 1 -500.346 246.004 1892.97 1 -527.482 -130.605 1923.34 0.5 -154.635 318.963 1804.97 1 -109.958 -18.62 1732.71 1 -544.972 -427.434 1874.35 0.5 -162.835 -316.975 1657.04 1 -274.177 59.5455 1873.58 1 -325.544 -185.484 1924.84 1 -116.182 -141.301 1871.56 1 -469.682 -623.5 1919.07 1 -521.638 -1063.87 1917.69 0 -255.951 -566.133 1759.09 1 -327.491 282.484 1848.97 1 -255.958 -1009.55 1759.09 0
-390.114 505.765 1821.08 1 -517.435 252.418 1906.21 1 -566.78 -110.654 1939.13 0.5 -167.112 325.193 1837.71 1 -112.172 -5.02644 1773.51 1 -594.161 -404.87 1873.76 0.5 -136.102 -309.735 1709.89 1 -290.743 65.655 1898.42 1 -343.036 -179.064 1945.18 1 -135.39 -135.928 1904.58 1 -483.292 -617.971 1926.32 1 -509.221 -1060.63 1925.63 0 -249.732 -564.602 1778.76 1 -342.274 288.806 1871.96 1 -249.736 -1008.02 1778.76 0
-395.15 511.245 1838.81 1 -529.827 258.311 1915.54 1 -599.133 -95.6369 1942.68 0.5 -175.455 327.274 1865.97 1 -113.224 5.0469 1810.88 1 -644.219 -389.948 1864.26 0.5 -116.28 -303.36 1758.35 1 -305.104 69.0406 1919.3 1 -361.609 -174.958 1962.39 1 -153.528 -134.464 1933.28 1 -483.848 -618.548 1931.53 1 -496.784 -1061.78 1931.18 0 -246.114 -567.349 1804.03 1 -352.641 292.792 1890.76 1 -246.116 -1010.77 1804.03 0
-397.519 516.035 1859.19 1 -537.813 262.624 1924.91 1 -625.184 -81.0757 1941.72 0.5 -180.821 329.469 1894.17 1 -109.346 9.43855 1849.39 1 -689.077 -373.872 1851.24 0.5 -104.66 -300.376 1798.48 1 -314.865 71.6093 1937.74 1 -374.745 -172.364 1974.92 1 -166.078 -133.292 1956.95 1 -474.188 -621.304 1939.84 1 -480.646 -1064.68 1939.67 0 -236.496 -569.904 1826.27 1 -359.317 296.046 1909.54 1 -236.497 -1013.33 1826.27 0
-396.408 521.256 1877.82 1 -544.955 270.678 1933.69 1 -648.16 -67.2991 1938.44 0.5 -185.4 329.16 1919.9 1 -108.25 12.6012 1884.11 1 -729.451 -356.864 1836.74 0.5 -97.0156 -297.342 1831.35 1 -327.404 74.3408 1955.03 1 -394.491 -168.293 1987.28 1 -184.768 -134.181 1979.23 1 -476.755 -620.483 1949.55 1 -479.982 -1063.89 1949.46 0 -241.762 -574.017 1852.89 1 -365.177 299.919 1926.79 1 -241.762 -1017.44 1852.89 0
-391.828 526.766 1898.15 1 -547.868 277.684 1942.93 1 -665.93 -54.6188 1935.26 0.5 -186.84 328.538 1945.73 1 -107.452 15.7781 1916.61 1 -762.083 -340.474 1821.54 0.5 -91.6128 -294.126 1862.8 1 -335.63 76.4319 1970.94 1 -409.083 -165.063 1996.73 1 -198.729 -135.432 1998.36 1 -460.883 -622.013 1962.39 1 -462.496 -1065.43 1962.34 0 -229.863 -579.499 1877.93 1 -367.354 303.111 1944.33 1 -229.863 -1022.92 1877.93 0
-388.966 529.822 1920.82 1 -550.791 282.88 1951.32 1 -706.214 -24.3917 1903.86 1 -189.401 327.151 1971.2 1 -106.537 19.1174 1948.28 1 -833.594 -283.825 1752.28 1 -89.3547 -290.218 1890.7 1 -343.506 77.3498 1984.88 1 -422.155 -163.208 2002.72 1 -211.678 -137.424 2014.3 1 -452.792 -621.997 1967.49 1 -453.599 -1065.42 1967.47 0 -221.501 -586.296 1909.01 1 -370.096 305.016 1961.26 1 -221.501 -1029.72 1909.01 0
-384.129 535.044 1944.63 1 -551.154 292.243 1959.76 1 -713.511 -15.2669 1902.26 1 -190.164 327.249 1996.92 1 -108.904 17.401 1976.6 1 -841.432 -274.823 1741.56 1 -87.5234 -291.609 1918.22 1 -350.528 81.1048 1998.16 1 -435.518 -157.73 2007.16 1 -225.276 -137.343 2028.81 1 -448.188 -617.445 1972.98 1 -448.591 -1060.87 1972.97 0 -213.514 -590.262 1942.83 1 -370.659 309.746 1978.34 1 -213.514 -1033.68 1942.83 0
-373.214 534.524 1966.45 1 -548.113 296.811 1969.91 1 -713.24 -5.14782 1901.92 1 -189.536 320.846 2029.2 1 -110.427 19.7826 2015.66 1 -842.253 -265.083 1736.95 1 -90.7938 -289.306 1956.72 1 -356.654 79.6236 2018.87 1 -448.973 -156.586 2020.9 1 -239.993 -142.578 2055.45 1 -441.443 -616.765 1991.82 1 -441.644 -1060.19 1991.82 0 -201.078 -599.609 2007.76 1 -368.825 308.829 1999.56 1 -201.078 -1043.03 2007.76 0
-359.812 535.254 1982.88 1 -543.115 302.956 1977.62 1 -707.626 -1.07248 1903.28 1 -187.412 314.439 2055.12 1 -114.925 12.1664 2044.46 1 -831.522 -264.005 1739.34 1 -95.4159 -297.13 1986.38 1 -362.042 79.2396 2035.58 1 -462.373 -153.561 2032.23 1 -255.269 -146.875 2077.36 1 -432.159 -611.749 1989.59 1 -432.26 -1055.17 1989.59 0 -190.681 -601.839 2038.58 1 -365.264 308.698 2016.37 1 -190.681 -1045.26 2038.58 0
-345.963 532.879 1996.65 1 -537.182 307.51 1985.98 1 -696.827 -0.529293 1905.03 1 -184.371 307.011 2077.29 1 -118.357 5.0027 2071.68 1 -816.046 -266.8 1739.46 1 -100.261 -303.617 2009.72 1 -366.086 77.8566 2050.9 1 -474.043 -151.402 2043.59 1 -268.75 -151.693 2096.72 1 -422.455 -606.817 1992.57 1 -422.505 -1050.24 1992.57 0 -179.182 -603.035 2066.15 1 -360.776 307.26 2031.63 1 -179.182 -1046.46 2066.15 0
-333.316 533.555 2025.07 1 -528.176 314.384 1999.01 1 -682.8 -0.341136 1908.84 1 -178.913 300.633 2102.55 1 -122.016 -5.11217 2096.31 1 -794.611 -273.534 1748.09 1 -99.9406 -313.161 2032.84 1 -366.361 78.0038 2063.53 1 -480.818 -147.5 2046.16 1 -277.538 -155.502 2106.42 1 -408.357 -599.904 1993.75 1 -408.382 -1043.33 1993.75 0 -166.822 -602.751 2086.99 1 -353.545 307.509 2050.78 1 -166.822 -1046.17 2086.99 0
-318.916 534.496 2046.3 1 -517.796 320.521 2011.47 1 -668.355 -0.1996 1912.81 1 -172.42 295.367 2125.9 1 -122.348 -13.5863 2118.45 1 -764.076 -280.946 1752.4 1 -99.1569 -320.412 2049.77 1 -364.924 78.7243 2078.11 1 -485.578 -143.151 2054.13 1 -283.904 -157.839 2120.94 1 -400.007 -594.204 2010.58 1 -400.02 -1037.63 2010.58 0 -195.617 -609.995 2100.27 0.5 -345.108 307.944 2068.69 1 -195.617 -1053.42 2100.27 0.5
-302.47 533.676 2072.88 1 -504.425 327.416 2024.64 1 -648.558 -0.672426 1918.73 1 -165.099 289.039 2152.41 1 -117.628 -18.9765 2143.02 1 -727.89 -290.028 1763.74 1 -101.842 -324.882 2068.81 1 -361.883 79.6272 2091.89 1 -487.631 -137.819 2058.12 1 -290.378 -160.128 2132.4 1 -388.948 -586.626 2019.39 1 -388.954 -1030.05 2019.39 0 -199.866 -601.392 2190.69 1 -334.762 308.228 2088.53 1 -172.094 -1033.8 2252.47 1
-286.584 529.872 2091.7 1 -492.508 329.974 2036.62 1 -627.254 -1.34419 1927.77 1 -158.546 281.477 2175.07 1 -112.026 -24.8172 2168.4 1 -684.876 -297.755 1775.74 1 -111.56 -331 2094.88 1 -359.101 77.8884 2107.02 1 -489.84 -135.839 2067.92 1 -295.511 -164.059 2148.48 1 -379.061 -583.079 2048.67 1 -379.064 -1026.5 2048.67 0 -181.531 -600.838 2219.15 1 -325.527 305.726 2105.85 1 -202.394 -1002.47 2366.52 1
-267.939 523.8 2113.61 1 -476.803 331.081 2051.04 1 -603.598 -8.67524 1937.29 1 -149.181 271.804 2200.14 1 -105.865 -32.5598 2190.23 1 -633.966 -313.776 1794.87 1 -107.242 -338.355 2114.23 1 -353.496 74.7142 2124.45 1 -489.387 -134.756 2079.9 1 -298.611 -169.273 2166.72 1 -367.355 -579.292 2067.15 1 -367.357 -1022.71 2067.15 0 -173.919 -602.865 2249.71 1 -312.992 301.443 2125.59 1 -220.084 -991.219 2436.12 1
-249.952 519.459 2136.6 1 -462.305 334.306 2067.79 1 -575.77 -14.351 1948.07 1 -139.857 262.625 2222.84 1 -98.4506 -41.7625 2212.85 1 -577.044 -327.23 1819.82 1 -101.419 -346.197 2131.34 1 -348.807 73.2159 2140.43 1 -490.407 -131.166 2090.41 1 -302.661 -172.902 2180.69 1 -361.368 -573.667 2075.97 1 -361.368 -1017.09 2075.97 0 -175.763 -604.404 2276.05 1 -301.081 298.465 2145.31 1 -231.693 -996.645 2463.31 1
-230.83 516.88 2166.59 1 -444.883 339.991 2087.12 1 -544.801 -17.7242 1962.42 1 -129.31 256.229 2250.04 1 -89.7237 -51.9392 2234.91 1 -519.59 -335.401 1845.87 1 -98.1657 -355.767 2151.42 1 -340.749 74.444 2157.51 1 -486.29 -124.832 2099.01 1 -302.515 -173.611 2193.88 1 -362.672 -569.112 2100.07 1 -362.672 -1012.53 2100.07 0 -170.911 -601.723 2300.08 1 -287.096 298.11 2168.58 1 -237.005 -991.309 2495.07 1
-208.407 513.511 2188.11 1 -427.886 344.93 2106.45 1 -510.905 -20.8575 1981.19 1 -117.358 249.138 2272.63 1 -80.6769 -58.9901 2257.91 1 -465.681 -339.504 1874.8 1 -94.3999 -363.274 2176.74 1 -333.976 75.4638 2176.47 1 -484.55 -118.584 2115.65 1 -306.111 -173.629 2211.14 1 -384.933 -568.836 2111.5 0.5 -384.933 -1012.26 2111.5 0.5 -175.07 -597.38 2334.51 1 -272.622 297.034 2189.54 1 -246.877 -994.374 2514.28 1
-177.304 504.555 2225.67 1 -396.659 346.5 2131.64 1 -467.446 -51.5036 2003.22 1 -100.752 237.424 2314.17 1 -69.128 -61.6758 2292.36 1 -369.597 -357.396 1931.06 1 -87.0677 -367.089 2216.47 1 -318.582 73.3001 2205.52 1 -468.468 -115.869 2138.78 1 -308.451 -174.854 2237.49 1 -388.556 -570.004 2132.25 0.5 -388.556 -1013.43 2132.25 0.5 -172.334 -592.406 2375.85 1 -248.705 291.962 2222.91 1 -250.02 -997.004 2535.97 1
-152.064 501.255 2251.14 1 -369.906 344.425 2149.85 1 -428.234 -18.0548 2043.91 1 -84.3123 233.888 2347.57 1 -53.7995 -74.3735 2323.83 1 -319.055 -324.514 1990.34 1 -73.6067 -380.651 2251.84 1 -299.678 71.1723 2231.67 1 -452.225 -115.858 2159.25 1 -292.271 -177.767 2269.99 1 -342.513 -564.891 2169.68 1 -397.635 -1000.33 2132.36 1 -157.256 -598.298 2401.17 1 -227.109 289.157 2248.71 1 -238.27 -1003.85 2559.11 1
-129.693 501.939 2278.4 1 -343.647 347.076 2168.19 1 -392.398 -11.3697 2077.47 1 -68.5323 235.191 2379.75 1 -43.9925 -64.8272 2362.27 0.5 -264.001 -312.172 2034.03 1 -59.6998 -359.376 2299.72 0.5 -279.923 73.6423 2254.96 1 -432.26 -111.923 2175.59 1 -275.253 -175.775 2296.32 1 -313.3 -557.523 2167.4 1 -385.631 -990.694 2121.71 1 -156.269 -603.42 2419.03 1 -206.089 291.133 2273.97 1 -243.844 -1013.82 2559.9 1
-109.836 504.623 2299.63 1 -317.722 345.806 2181.93 1 -356.61 0.376412 2102.31 1 -53.8194 240.485 2410.22 1 -33.6786 -60.0725 2396.89 0.5 -225.29 -301.63 2076.95 1 -46.7127 -355.929 2340.16 0.5 -257.443 74.7936 2278.19 1 -405.203 -113.193 2194.49 1 -253.029 -173.924 2326.13 1 -285.877 -557.575 2168.34 1 -360.933 -991.157 2121.92 1 -148.758 -607.356 2441.65 1 -185.771 293.145 2296.08 1 -250.535 -1018.92 2568.7 1
-92.0086 505.616 2310.21 1 -295.451 344.021 2188.54 1 -321.492 12.9453 2124.66 1 -41.9295 245.021 2431.09 1 -25.5095 -55.8834 2420.84 0.5 -196.89 -293.044 2109.12 1 -36.3375 -352.805 2369.47 0.5 -239.415 75.652 2294.4 1 -383.546 -114.552 2208.76 1 -236.732 -171.883 2349.22 1 -269.202 -558.595 2164.73 1 -341.773 -992.035 2110.04 1 -154.391 -613.336 2448.78 1 -168.69 294.521 2309.81 1 -264.36 -1023.8 2573.73 1
