377.09 553.628 2580.16 1 197.283 327.569 2618.51 1 120.433 -8.68463 2634.59 1 561.644 329.151 2560.96 1 637.101 -1.19972 2533.34 1 99.9858 -305.919 2524.91 1 667.371 -300.046 2449.73 1 380.196 97.146 2588.02 1 275.528 -134.526 2602.94 1 486.328 -133.61 2569.64 1 271.41 -595.694 2636 1 298.236 -1033 2710.43 1 492.276 -594.389 2608.26 1 379.464 328.36 2589.74 1 458.324 -1036.93 2633.78 1
378.207 556.277 2588.47 1 197.62 330.104 2623.67 1 117.699 -8.32812 2632.8 1 561.288 331.982 2561.96 1 637.032 -4.61435 2533.17 1 100.798 -305.156 2525.48 1 667.477 -304.566 2454.1 1 379.82 99.8943 2587.94 1 274.98 -131.797 2600.91 1 485.391 -130.711 2565.21 1 271.147 -592.467 2640.28 1 300.434 -1031.71 2700.24 1 492.641 -591.566 2602.72 1 379.454 331.043 2592.81 1 460.404 -1033.76 2635.26 1
377.483 556.363 2583.13 1 197.576 330.15 2622.95 1 115.855 -8.66804 2629.4 1 560.961 331.624 2559.51 1 637.521 -0.803162 2532.58 1 100.937 -305.156 2525.59 1 668.697 -299.47 2450.48 1 379.743 99.7021 2588.57 1 275.102 -131.909 2604.27 1 485.335 -131.056 2567.57 1 273.372 -592.504 2645.04 1 297.753 -1031.99 2706.59 1 496.189 -591.183 2611.82 1 379.269 330.887 2591.23 1 457.164 -1033.1 2640.09 1
376.417 555.379 2579.96 1 196.713 329.07 2619.76 1 114.918 -10.3269 2631.2 1 560.765 330.461 2560.32 1 638.252 -4.40875 2534.79 1 100.7 -305.51 2524.15 1 666.582 -304.048 2449.24 1 379.451 98.563 2588.99 1 274.847 -133.042 2605.14 1 485.48 -132.237 2570.75 1 273.844 -594.112 2639.93 1 295.491 -1033.38 2704.6 1 491.013 -593.033 2607.93 1 378.739 329.766 2590.04 1 460.739 -1034.99 2643.79 1
378.664 557.547 2587.88 1 197.483 331.914 2625.11 1 113.441 -9.64826 2633.6 1 560.921 331.441 2562.05 1 638.61 -0.21984 2535.91 1 100.72 -304.982 2523.53 1 668.13 -299.139 2447.56 1 378.102 100.546 2588.98 1 271.865 -130.448 2602.61 1 482.14 -130.722 2566.13 1 272.247 -591.736 2634.73 1 288.262 -1030.97 2701.4 1 488.625 -591.7 2601.54 1 379.202 331.678 2593.58 1 457.43 -1033.4 2640.76 1
375.576 552.521 2582.83 1 195.119 326.716 2622.86 1 114.224 -9.32778 2632.8 1 558.343 326.588 2558.48 1 638.309 -3.10629 2535.95 1 100.663 -305.748 2524.23 1 667.917 -303.859 2452.97 1 376.246 95.475 2588.39 1 270.691 -135.665 2604.73 1 480.83 -135.739 2567.48 1 274.288 -596.799 2638.85 1 288.826 -1035.6 2708.91 1 492.904 -596.518 2603.96 1 376.731 326.652 2590.67 1 458.546 -1037.58 2647.8 1
376.802 554.59 2580.8 1 195.303 329.477 2620.9 1 114.612 -10.1621 2633.89 1 558.942 328.13 2558.92 1 638.156 -6.55504 2537.48 1 100.712 -306.03 2525.25 1 666.437 -307.612 2451.85 1 375.918 97.6109 2587.87 1 269.519 -133.192 2603.75 1 479.907 -133.971 2567.89 1 274.251 -594.1 2640.77 1 291.306 -1034.23 2700.53 1 490.67 -595.001 2601.83 1 377.123 328.803 2589.91 1 459.488 -1035.91 2649.57 1
378.296 556.872 2587.8 1 196.241 332.22 2623.53 1 114.305 -11.0798 2637.45 1 559.838 330.171 2561.25 1 638.078 -6.77882 2536.74 1 100.488 -306.807 2526.99 1 666.903 -310.34 2455.83 1 375.827 100.079 2587.07 1 268.435 -130.445 2599.77 1 478.793 -131.631 2563.74 1 274.37 -591.442 2635.63 1 290.58 -1030.99 2700.14 1 494.943 -592.154 2601.79 1 378.039 331.195 2592.39 1 456.467 -1033.28 2640.17 1
379.519 557.454 2582.79 1 197.706 332.962 2625.68 1 118.675 -11.0568 2632.73 1 560.067 330.102 2556.9 1 637.56 0.127009 2533.87 1 100.149 -306.116 2526.43 1 668.302 -302.283 2450.52 1 376.513 100.37 2588.4 1 269.299 -129.965 2605.4 1 478.979 -131.62 2565.6 1 275.126 -590.353 2647.96 1 295.534 -1030.55 2706.57 1 491.995 -592.257 2603.78 1 378.887 331.532 2591.29 1 462.204 -1033.47 2648.15 1
380.425 558.047 2588.79 1 197.876 333.35 2629.24 1 120.827 -13.5203 2634.37 1 559.637 330.931 2557.26 1 637.269 4.05532 2532.44 1 100.267 -307.162 2527.3 1 669.679 -297.079 2450.78 1 376.162 101.019 2587.98 1 268.923 -129.402 2603.53 1 478.214 -130.801 2561.89 1 272.711 -590.393 2638.8 1 298.489 -1030.21 2698.29 1 494.116 -591.263 2601.22 1 378.756 332.14 2593.25 1 459.54 -1032.48 2642.73 1
379.985 556.546 2583.29 1 198.189 332.341 2624.76 1 118.391 -12.7417 2635.69 1 561.095 329.357 2558.99 1 637.111 -1.49029 2531.72 1 99.295 -306.553 2528.26 1 668.19 -304.25 2454.79 1 377.27 99.6824 2589.27 1 269.906 -130.621 2605.69 1 479.888 -132.347 2567.64 1 274.368 -591.36 2644.43 1 298.63 -1031.54 2702.11 1 493.924 -593.112 2604.07 1 379.642 330.849 2591.87 1 464.219 -1033.62 2655.16 1
377.962 553.972 2580.53 1 196.902 329.198 2623.2 1 116.696 -11.8716 2637.34 1 559.792 326.308 2557.12 1 637.056 0.755477 2532.86 1 99.8059 -307.139 2530.74 1 669.652 -299.425 2452.89 1 376.343 96.562 2589.26 1 269.372 -133.793 2607.48 1 479.305 -135.465 2569.25 1 273.76 -594.918 2641.38 1 292.74 -1034.44 2705.33 1 490.398 -596.703 2599.83 1 378.347 327.753 2590.16 1 460.161 -1036.97 2653.48 1
380.382 555.613 2588.16 1 197.083 332.351 2626.03 1 115.352 -12.94 2634.16 1 560.16 326.506 2561.16 1 637.536 1.88189 2533.43 1 100.537 -307.552 2527.35 1 669.714 -295.244 2449.32 1 374.188 98.3268 2589.6 1 264.725 -131.084 2604.38 1 474.785 -134.465 2566.84 1 267.176 -592.35 2636.81 1 295.453 -1031.16 2701.88 1 483.219 -595.807 2597.07 1 378.621 329.429 2593.59 1 460.121 -1036.65 2649.47 1
380.5 557.834 2591.47 1 196.835 335.079 2628.09 1 114.172 -13.9656 2634.58 1 559.559 327.95 2561.34 1 636.765 -4.56353 2532.22 1 100.892 -307.23 2522.03 1 667.525 -301.633 2450.19 1 372.608 100.461 2589.02 1 262.092 -128.531 2602.64 1 471.945 -132.655 2564.02 1 272.614 -589.502 2636.8 1 290.382 -1028.7 2702.62 1 489.268 -593.286 2599.39 1 378.197 331.514 2594.72 1 458.436 -1034.14 2647.24 1
378.335 555.405 2584.13 1 195.317 332.903 2625.96 1 114.097 -11.9915 2633.29 1 557.612 325.112 2556.97 1 637.393 -7.77363 2535.61 1 101.093 -307.514 2524.35 1 668.788 -307.693 2460.03 1 371.07 97.9 2589.24 1 260.872 -130.954 2606.97 1 470.48 -135.461 2567.05 1 272.175 -592.031 2640.01 1 297.281 -1028.58 2718.75 1 491.33 -595.581 2607.22 1 376.464 329.007 2591.47 1 458.601 -1036.94 2648.99 1
379.561 557.118 2589.46 1 195.967 334.857 2629.17 1 113.043 -7.99043 2636.65 1 557.872 326.627 2558.19 1 637.19 -9.89205 2533.81 1 98.2162 -305.481 2528.89 1 666.406 -310.031 2454.19 1 370.788 99.6769 2589.2 1 259.964 -129.008 2605.26 1 469.347 -133.769 2564.19 1 272.716 -590.351 2633.73 1 297.222 -1027.24 2711.78 1 489.78 -594.291 2600.11 1 376.92 330.742 2593.68 1 461.419 -1036.05 2641.23 1
379.781 556.86 2583.62 1 196.606 335.28 2625.99 1 115.017 -6.99091 2637.32 1 558.82 326.509 2556.65 1 638.09 -9.95007 2534.4 1 101.905 -304.767 2525.25 1 664.646 -311.266 2449.58 1 371.677 99.7885 2589.02 1 260.861 -128.78 2606.79 1 470.422 -133.854 2566.67 1 273.358 -589.496 2643.52 1 302.082 -1028.18 2708.12 1 495.45 -593.679 2607.98 1 377.713 330.894 2591.32 1 459.327 -1035.13 2645.75 1
382.005 558.319 2589.2 1 196.801 336.299 2628.04 1 115.507 -6.99492 2636.67 1 558.976 328.446 2558.36 1 638.043 -7.97566 2534.7 1 101.644 -305.66 2524.42 1 665.95 -312.647 2454.87 1 371.926 101.309 2588.25 1 261.194 -127.484 2603.45 1 470.732 -132.027 2563.14 1 273.952 -588.355 2638.71 1 296.421 -1028.56 2695.19 1 492.926 -591.922 2605.66 1 377.888 332.373 2593.2 1 462.816 -1034.12 2639.94 1
382.399 560.94 2593 1 197.828 338.068 2630.03 1 115.753 -3.50004 2638.34 1 560.131 331.179 2560.91 1 637.521 -5.98559 2533.35 1 107.676 -302.705 2525.27 1 667.47 -313.516 2460.58 1 373.382 103.573 2589.16 1 262.978 -125.484 2602.85 1 472.592 -129.47 2562.86 1 275.41 -586.371 2638.35 1 296.562 -1025.26 2704.87 1 490.65 -589.242 2608.53 1 378.979 334.623 2595.47 1 465.736 -1031.78 2642.95 1
382.598 559.092 2594.4 1 199.035 335.577 2627.69 1 115.884 -1.75622 2634.17 1 562.051 329.981 2562.41 1 636.768 -3.4873 2533.18 1 108.789 -302.113 2523.8 1 667.835 -313.884 2462.22 1 375.593 101.753 2587.33 1 265.624 -127.654 2598.49 1 475.663 -130.892 2560.72 1 277.558 -588.641 2633.01 1 293.728 -1027.1 2704.1 1 491.31 -591.245 2601.03 1 380.543 332.779 2595.05 1 468.407 -1033.16 2643.51 1
380.265 558.801 2586.08 1 198.578 334.246 2626.46 1 116.458 -0.394307 2633.07 1 560.862 330.732 2557.18 1 636.403 -1.72747 2531.09 1 111.852 -300.681 2526.15 1 664.639 -311.953 2456.6 1 376.637 101.368 2587.42 1 268.747 -128.737 2603.07 1 478.361 -130.771 2562.98 1 277.626 -589.672 2639.1 1 296.259 -1025.63 2723.09 1 490.234 -591.082 2605.17 1 379.72 332.489 2591.82 1 469.376 -1033.05 2648.63 1
381.733 557.643 2581.43 1 200.195 333.02 2623.05 1 116.22 -0.690114 2637.03 1 563.111 329.886 2557.11 1 636.693 4.62927 2532.55 1 114.395 -299.731 2528.09 1 664.284 -301.945 2451.26 1 379.195 100.285 2587.54 1 271.753 -129.976 2604.07 1 481.72 -131.789 2565.92 1 278.098 -591.311 2634.75 1 294.097 -1027.12 2720.73 1 491.604 -592.445 2604.85 1 381.653 331.453 2590.08 1 467.965 -1034.11 2650.22 1
379.986 558.388 2581.61 1 199.292 332.833 2622.48 1 116.609 -1.84679 2636.02 1 562.666 331.432 2559.02 1 638.346 7.8162 2535.78 1 114.352 -298.847 2523.77 1 667.722 -296.961 2452 1 379.599 100.947 2587.95 1 273.102 -129.833 2603.5 1 483.334 -130.643 2566.79 1 275.821 -591.278 2633.18 1 293.9 -1028.26 2712.69 1 490.898 -591.454 2604.55 1 380.979 332.132 2590.75 1 466.733 -1033.42 2646.66 1
379.122 555.903 2580.2 1 198.147 329.579 2619.04 1 115.801 -4.42169 2638.01 1 562.278 329.139 2560.16 1 638.171 9.90625 2534.4 1 113.579 -300.626 2523.05 1 669.499 -293.9 2452.08 1 379.532 98.1597 2587.12 1 273.51 -132.912 2601.67 1 484.192 -133.166 2567.6 1 274.015 -593.893 2637.58 1 296.866 -1032.14 2708.09 1 489.832 -594.288 2601.67 1 380.213 329.359 2589.6 1 466.866 -1036.06 2646.51 1
377.744 552.594 2579 1 197.923 325.113 2617.14 1 115.898 -3.71088 2636.5 1 562.4 325.476 2560.33 1 638.583 9.95302 2535.2 1 115.604 -298.649 2520.49 1 669.584 -291.872 2449.25 1 380.066 94.0869 2586.65 1 274.538 -137.225 2600.99 1 485.402 -137.016 2568.12 1 275.5 -597.755 2642.3 1 298.37 -1036.57 2709.73 1 488.939 -598.301 2600.31 1 380.162 325.294 2588.74 1 468.293 -1039.68 2649.71 1
378.456 553.459 2578.39 1 199.128 325.836 2619.13 1 114.95 -6.35669 2635.25 1 562.898 326.326 2558.02 1 638.793 8.47766 2535.6 1 115.721 -298.799 2518.38 1 668.896 -290.922 2445.14 1 381.011 94.869 2586.71 1 275.775 -136.485 2602.52 1 486.245 -136.201 2567.17 1 278.229 -596.764 2646.7 1 295.922 -1036.29 2711.08 1 495.641 -596.989 2604.21 1 381.013 326.081 2588.57 1 456.959 -1037.17 2650.15 1
378.018 554.294 2578.59 1 199.258 326.066 2619.84 1 116.474 -5.1798 2636.63 1 562.674 327.409 2556.6 1 638.894 -2.75979 2533.29 1 116.552 -299.878 2524.23 1 669.646 -303.735 2446.61 1 381.498 95.5252 2586.37 1 276.904 -136.076 2602.81 1 487.156 -135.299 2566.22 1 277.495 -596.082 2649.89 1 298.077 -1036.95 2702.2 1 490.392 -596.197 2602.89 1 380.966 326.738 2588.22 1 461.472 -1037.06 2650.27 1
379.75 557.565 2587.19 1 199.564 329.4 2622.04 1 115.751 -4.10002 2636.32 1 563.337 332.134 2560.9 1 638.958 -0.369866 2537.14 1 116.158 -298.647 2522.92 1 670.444 -299.927 2448.8 1 382.141 99.6715 2585.25 1 277.6 -132.215 2596.71 1 488.063 -130.633 2561.33 1 276.648 -592.747 2638.1 1 297.693 -1030.62 2709.35 1 489.834 -591.68 2596.65 1 381.451 330.767 2591.47 1 464.231 -1032.52 2647.33 1
382.082 558.393 2590.99 1 201.572 330.48 2620.64 1 115.887 -5.05902 2636.16 1 566.025 333.606 2563.81 1 638.49 -3.17603 2539.57 1 116.473 -299.533 2523.19 1 669.142 -304.712 2453.9 1 384.511 100.994 2584.08 1 279.789 -130.959 2592.38 1 490.656 -129.15 2559.5 1 277.632 -590.713 2641.3 1 299.055 -1030.09 2703.69 1 489.724 -589.904 2598.49 1 383.799 332.043 2592.23 1 466.651 -1031.32 2645.83 1
380.684 555.678 2583.88 1 201.96 327.331 2618.45 1 115.442 -5.52911 2635.58 1 566.45 331.408 2561.81 1 638.245 -4.08842 2536.79 1 117.215 -299.465 2521.56 1 667.449 -308.261 2453.88 1 386.016 98.2465 2585.15 1 282.391 -134.056 2596.55 1 493.262 -131.697 2563.78 1 277.294 -594.462 2638.46 1 300.521 -1029.95 2721.66 1 492.473 -592.242 2605.33 1 384.205 329.37 2590.13 1 465.015 -1033.43 2652.83 1
380.379 555.597 2580.83 1 202.191 327.016 2618.18 1 117.719 -3.7643 2636.29 1 566.743 331.585 2561.92 1 638.121 -5.04454 2535.89 1 117.227 -300.223 2527.23 1 665.625 -310.233 2450.76 1 386.818 98.1414 2586.51 1 283.714 -134.339 2599.25 1 494.625 -131.696 2566.7 1 275.201 -594.873 2639.59 1 301.727 -1031.65 2716.34 1 493.113 -592.51 2605.17 1 384.467 329.3 2590.05 1 462.437 -1033.81 2649.7 1
381.938 555.642 2579.81 1 204.122 327.012 2616.89 1 124.857 -4.38172 2636.64 1 569.008 331.85 2562.86 1 637.559 -4.02288 2534.45 1 117.031 -299.697 2526.18 1 666.906 -312.179 2457.35 1 389.156 98.2573 2586.68 1 286.192 -134.316 2599.11 1 497.303 -131.516 2567.85 1 276.065 -594.757 2640.47 1 302.466 -1033.26 2707.24 1 493.904 -592.823 2599.02 1 386.565 329.431 2589.88 1 466.747 -1033.79 2648.69 1
381.36 556.195 2579.3 1 203.679 327.437 2616.11 1 132.927 -6.19132 2634.81 1 568.764 332.442 2563.44 1 638.279 -2.01103 2536.73 1 114.402 -299.351 2524.84 1 665.563 -311.664 2458.98 1 388.947 98.7594 2586.7 1 286.06 -133.868 2598.86 1 497.283 -130.972 2568.38 1 274.651 -594.073 2642.59 1 295.865 -1033.23 2707.7 1 493.602 -592.198 2601.19 1 386.221 329.939 2589.78 1 462.415 -1033.05 2649.66 1
383.281 557.728 2587.04 1 203.735 328.709 2618.85 1 138.461 -6.09358 2635.91 1 568.739 333.565 2565.57 1 637.637 4.49217 2536.87 1 114.575 -299.567 2527.53 1 668.272 -303.021 2454.99 1 388.383 100.039 2585.85 1 284.941 -132.463 2594.89 1 496.117 -129.653 2564.07 1 273.608 -592.615 2639.33 1 298.129 -1032.41 2699.1 1 487.893 -591.062 2592.98 1 386.237 331.137 2592.21 1 464.818 -1031.28 2649.87 1
385.256 558.625 2591.42 1 205.604 329.964 2619.5 1 141.732 -5.5483 2636.46 1 570.702 334.954 2566.87 1 638.32 7.24739 2538.94 1 114.322 -298.501 2529.39 1 669.679 -297.315 2453.02 1 390.12 101.414 2584.92 1 286.471 -131.075 2591.88 1 497.701 -128.188 2561.43 1 274.957 -591.242 2636.18 1 303.976 -1029.84 2702.41 1 487.337 -589.265 2594.68 1 388.153 332.459 2593.18 1 469.073 -1030.18 2648.24 1
384.145 562.431 2595.6 1 204.716 332.509 2621.14 1 143.865 -6.77657 2634.23 1 569.869 338.174 2568.96 1 638.16 3.62555 2537.47 1 113.784 -297.611 2523.68 1 666.396 -301.614 2453.87 1 389.536 104.334 2585.67 1 286.148 -128.312 2591.38 1 497.412 -125.035 2561.2 1 274.702 -587.96 2640.59 1 301.151 -1026.41 2709.2 1 487.233 -586.02 2596.08 1 387.293 335.342 2595.05 1 465.637 -1027.26 2645.86 1
382.172 557.78 2587.2 1 203.18 327.902 2618.34 1 142.929 -6.88555 2635.11 1 568.436 334.031 2566.94 1 637.576 1.30993 2537.24 1 117.737 -298.844 2526.45 1 666.475 -306.557 2455.5 1 388.835 99.8746 2586.6 1 286.201 -132.99 2595.42 1 497.525 -129.444 2565.69 1 275.316 -593.083 2640.36 1 296.439 -1030.31 2717.62 1 487.909 -590.087 2604.91 1 385.808 330.966 2592.64 1 466.965 -1031.96 2649.19 1
381.187 556.515 2582.49 1 203.237 326.287 2618.08 1 141.472 -7.44878 2637.55 1 568.177 332.702 2564.55 1 637.795 0.661249 2536.62 1 116.996 -299.844 2528.51 1 669.279 -310.497 2466.26 1 389.26 98.3561 2587.84 1 287.241 -134.638 2599.85 1 498.385 -130.926 2568.88 1 277.298 -594.578 2646.66 1 295.204 -1033.84 2711.57 1 490.84 -591.957 2603.64 1 385.707 329.494 2591.32 1 465.694 -1033.16 2652.18 1
381.433 555.966 2580.13 1 203.873 326.112 2616.9 1 142.233 -6.22238 2635.77 1 569.011 332.521 2564.73 1 637.395 -0.671565 2535.81 1 119.711 -299.91 2534.19 1 668.781 -312.423 2465.29 1 390.2 98.1539 2588.72 1 288.33 -134.863 2601.71 1 499.585 -131.155 2571.53 1 276.751 -594.883 2647.41 1 298.829 -1034.67 2708 1 492.012 -592.376 2603.89 1 386.442 329.317 2590.81 1 465.088 -1033.77 2649.98 1
380.92 557.753 2579.96 1 203.489 327.708 2618.67 1 144.118 -8.11188 2633.39 1 568.156 333.883 2563.35 1 637.699 -1.33511 2535.9 1 117.964 -299.889 2533.51 1 667.169 -312.782 2459.68 1 389.458 99.6189 2589.17 1 287.599 -133.344 2603.33 1 498.588 -129.771 2571.33 1 273.457 -593.422 2647.7 1 301.18 -1033.19 2706.36 1 490.81 -590.742 2607.05 1 385.822 330.796 2591.01 1 461.498 -1032.84 2642.69 1
383.922 559.475 2587.87 1 204.542 330.516 2620.21 1 142.064 -12.0606 2634.68 1 569.427 334.594 2566.16 1 637.857 -0.662745 2537.96 1 120.488 -300.062 2525.24 1 668.126 -313.469 2462.82 1 388.793 101.436 2587.96 1 285.046 -130.863 2598.37 1 496.156 -128.504 2567.09 1 272.16 -591.405 2637.84 1 298.045 -1030.52 2702.16 1 488.892 -589.663 2600.53 1 386.985 332.555 2593.18 1 461.982 -1031.33 2643.03 1
381.916 556.873 2582.83 1 203.857 327.975 2619.06 1 141.035 -12.0326 2636.84 1 568.637 332.072 2564.24 1 638.431 5.17082 2543.98 1 121.257 -300.478 2528.47 1 669.632 -304.172 2456.91 1 388.453 98.8596 2589.06 1 285.137 -133.489 2602.32 1 496.181 -131.119 2570.6 1 273.506 -593.776 2645.06 1 303.218 -1031.61 2715.99 1 493.178 -592.206 2605.48 1 386.247 330.023 2591.65 1 463.802 -1033.57 2650.02 1
383.792 559.332 2588.8 1 204.415 330.931 2620.96 1 142.021 -13.0189 2637.92 1 569.361 334.035 2567.18 1 638.22 9.0881 2541.49 1 118.241 -299.055 2528.25 1 670.53 -297.9 2454.42 1 388.094 101.354 2588.92 1 283.729 -130.672 2599.32 1 494.872 -128.877 2568.2 1 273.431 -591.31 2638.47 1 301.85 -1029.89 2705.5 1 490.226 -590.313 2597.57 1 386.888 332.483 2594.07 1 462.893 -1031.45 2645.75 1
383.614 557.731 2582.79 1 204.644 330.191 2619.84 1 145.512 -10.5102 2638.96 1 569.556 332.763 2565.78 1 638.611 10.0447 2539.74 1 119.534 -298.039 2533.1 1 670.198 -293.92 2450.2 1 388.37 100.303 2590.38 1 284.078 -131.615 2603.59 1 495.201 -130.127 2572.32 1 276.252 -592.16 2644.45 1 300.233 -1030.67 2713.67 1 492.298 -591.237 2606.58 1 387.1 331.477 2592.81 1 464.504 -1032.67 2651.85 1
383.314 557.044 2589.79 1 204.66 328.431 2624.2 1 144.74 -10.2429 2638.48 1 568.998 332.594 2566.61 1 639.788 5.00992 2541.36 1 121.124 -297.466 2534.44 1 670.127 -301.198 2458.64 1 388.554 99.41 2589.61 1 284.879 -132.897 2600.48 1 495.682 -130.488 2567.16 1 276.164 -593.738 2637.61 1 298.947 -1031.52 2711.75 1 491.651 -591.996 2595.15 1 386.829 330.512 2595.4 1 466.164 -1033.16 2644.26 1
382.474 559.741 2592.29 1 203.99 330.338 2624.73 1 143.371 -11.6236 2638.74 1 568.493 335.12 2568.18 1 639.395 1.00683 2541.69 1 118.049 -297.829 2536.97 1 670.282 -306.899 2464.35 1 388.215 101.639 2589.63 1 284.747 -130.835 2599.17 1 495.63 -128.069 2566.45 1 273.273 -591.541 2637.29 1 299.722 -1029.33 2710.24 1 493.046 -588.98 2602.61 1 386.241 332.729 2596.45 1 463.389 -1030.57 2644.49 1
383.096 558.744 2593.55 1 204.439 330.181 2625.43 1 143.186 -13.813 2639.38 1 568.897 335.095 2568.56 1 640.197 -4.99607 2543.35 1 117.199 -298.666 2536.44 1 671.967 -314.208 2462.5 1 388.625 101.556 2589.57 1 285.153 -130.949 2598.59 1 496.011 -128.106 2565.69 1 273.788 -591.255 2641.17 1 298.673 -1030.21 2707.14 1 491.086 -589.093 2601.26 1 386.668 332.638 2596.99 1 465.665 -1030.57 2647.07 1
383.45 559.116 2594.16 1 204.506 330.073 2626.79 1 142.093 -15.4071 2639.7 1 568.745 335.118 2568.55 1 640.097 1.00255 2542.17 1 116.606 -300.014 2532.94 1 670.863 -305.098 2453.68 1 388.655 101.504 2590.34 1 285.317 -131.047 2599.87 1 496.052 -128.128 2566.17 1 272.308 -591.183 2643.92 1 304.602 -1029.32 2711.91 1 489.422 -589.193 2600.79 1 386.625 332.596 2597.67 1 467.72 -1030.17 2652.74 1
381.532 558.071 2585.98 1 203.932 329.002 2622.87 1 145.534 -15.6939 2639.85 1 568.498 334.118 2566.73 1 641.537 3.99135 2542.59 1 120.086 -300.744 2527.87 1 669.105 -297.874 2446 1 388.975 100.418 2591.65 1 286.272 -132.205 2604.75 1 497.198 -129.245 2572.27 1 274.641 -592.401 2648.67 1 303.202 -1031.13 2714.64 1 491.24 -590.337 2606.88 1 386.215 331.56 2594.8 1 468.93 -1031.55 2656.9 1
381.315 558.151 2590.88 1 204.558 328.09 2626.73 1 146.757 -12.8395 2639.93 1 568.571 333.897 2567.25 1 641.258 6.98772 2539.79 1 118.114 -300.936 2529.59 1 672.981 -293.688 2448.47 1 389.381 99.8807 2591.67 1 286.893 -132.912 2603.55 1 497.504 -129.552 2569.13 1 276.298 -593.457 2643.82 1 301.021 -1033.29 2703.58 1 490.853 -590.907 2599.77 1 386.564 330.993 2596.99 1 465.961 -1032.31 2646.99 1
381.676 559.562 2593.34 1 204.477 329.103 2628.85 1 144.377 -11.9197 2641.47 1 568.303 335.465 2568.24 1 642.127 5.99353 2542.4 1 116.905 -301.602 2530.65 1 670.89 -291.517 2445.22 1 389.394 101.182 2592.32 1 287.153 -131.76 2603.64 1 497.645 -128.08 2568.57 1 276.653 -592.169 2645.55 1 295.472 -1032.41 2704.48 1 488.907 -589.421 2599.02 1 386.39 332.284 2598.55 1 467.231 -1030.1 2653.55 1
381.611 559.868 2594.06 1 203.979 328.868 2628.81 1 144.188 -11.9612 2640.73 1 567.924 335.552 2568.91 1 641.063 5.49788 2541.2 1 120.09 -302.141 2528.37 1 669.148 -290.439 2441.95 1 389.115 101.111 2592.29 1 286.998 -131.921 2603.06 1 497.56 -128.054 2568.4 1 274.006 -592.413 2643.29 1 301.558 -1032.06 2702.91 1 492.717 -589.032 2604.18 1 385.952 332.21 2598.86 1 465.267 -1030.34 2649.48 1
382.057 559.855 2594.93 1 204.687 329.717 2628.6 1 143.094 -11.9813 2641.37 1 568.838 336.47 2569.98 1 641.033 6.24945 2540.61 1 121.265 -303.762 2530.68 1 672.594 -289.393 2442.51 1 389.944 101.999 2592.43 1 287.784 -131.048 2602.53 1 498.467 -127.141 2568.61 1 275.359 -591.725 2640.83 1 300.365 -1030.36 2708.42 1 490.476 -588.297 2601.52 1 386.763 333.094 2599.29 1 467.997 -1029.6 2650.03 1
384.043 558.009 2596.36 1 205.436 328.345 2629.66 1 143.047 -11.989 2641.69 1 569.409 334.452 2569.87 1 642.016 5.62275 2540.81 1 122.004 -304.216 2530.73 1 670.666 -289.722 2442.24 1 390.042 100.322 2592.11 1 287.372 -132.522 2601.76 1 497.953 -128.988 2567.16 1 273.635 -593.167 2640.04 1 300.927 -1032.24 2704.14 1 490.492 -590.304 2598.17 1 387.422 331.399 2599.77 1 465.178 -1031.52 2646.62 1
381.549 557.407 2599.57 1 203.964 327.432 2631.53 1 145.022 -10.4939 2640.35 1 567.732 333.75 2570.52 1 641.007 5.81061 2540.9 1 122.62 -303.856 2532.35 1 670.035 -289.961 2444.21 1 388.457 99.5377 2592.66 1 285.836 -133.343 2601.94 1 496.298 -129.688 2566.64 1 272.387 -594.064 2639.44 1 301.154 -1032.43 2707.75 1 485.351 -590.624 2601.73 1 385.848 330.591 2601.03 1 465.914 -1032.57 2645.82 1
381.434 557.754 2597.18 1 203.294 327.443 2632.4 1 146.014 -9.74871 2640.17 1 566.754 333.362 2569.55 1 644.006 -1.09293 2538.95 1 123.148 -303.737 2533.53 1 672.083 -298.551 2443.12 1 387.524 99.3127 2593.67 1 284.881 -133.489 2604.54 1 495.168 -130.065 2568.18 1 271.665 -594.423 2639.36 1 305.387 -1031.12 2715.28 1 489.736 -591.148 2602.49 1 385.024 330.402 2600.98 1 464.658 -1032.43 2650.2 1
381.108 558.313 2596.48 1 202.916 328.46 2633.51 1 144.009 -10.3747 2641.09 1 566.088 334.169 2569 1 642.504 1.95386 2540.47 1 123.324 -302.922 2529.73 1 671.571 -296.484 2447.05 1 386.903 100.21 2594.32 1 284.245 -132.545 2606.04 1 494.362 -129.242 2568.72 1 272.654 -593.281 2643.82 1 303.209 -1031.92 2708.5 1 492.133 -590.209 2605.05 1 384.502 331.314 2601.26 1 461.875 -1031.77 2646.51 1
380.816 560.68 2596.13 1 203.072 330.993 2633.73 1 143.508 -10.6826 2641.54 1 566.355 336.058 2569.78 1 641.257 3.97244 2540.23 1 123.284 -303.147 2531.85 1 670.299 -293.289 2445.16 1 386.781 102.407 2595.19 1 283.758 -130.177 2607.13 1 493.938 -127.246 2570.14 1 273.1 -590.803 2646.55 1 302.204 -1030.45 2705.23 1 491.189 -588.586 2601.21 1 384.713 333.526 2601.75 1 464.08 -1029.76 2648.68 1
381.859 559.245 2596.45 1 203.688 330.29 2633.58 1 143.277 -10.8223 2641.77 1 566.968 334.977 2569.57 1 641.151 6.46775 2541.61 1 123.612 -303.099 2533.09 1 670.708 -291.894 2448.16 1 387.161 101.511 2595.05 1 283.905 -130.968 2607.05 1 494.084 -128.256 2570.02 1 273.054 -591.954 2641.7 1 300.423 -1030.78 2707.15 1 493.507 -589.905 2596.14 1 385.328 332.633 2601.57 1 464.073 -1030 2651.39 1
380.995 559.279 2596.62 1 203.051 329.693 2634.1 1 138.627 -18.9188 2641.87 1 566.398 334.569 2570.48 1 642.069 7.24096 2543.82 1 126.519 -311.846 2526.09 1 670.879 -291.084 2449.72 1 386.674 101.011 2595.71 1 283.515 -131.52 2607.54 1 493.734 -128.699 2570.73 1 272.145 -592.67 2639.89 1 301.804 -1029.77 2714.9 1 494.28 -590.268 2598.63 1 384.724 332.131 2602.29 1 463.486 -1030.86 2649.35 1
382.246 559.811 2596.7 1 204.031 330.504 2632.87 1 142.313 -13.9596 2641.93 1 567.757 335.404 2571.5 1 642.035 6.62056 2543.42 1 125.278 -309.516 2529.43 1 670.983 -290.63 2450.48 1 387.888 101.835 2595.56 1 284.661 -130.701 2606.68 1 495.104 -127.866 2571.17 1 275.761 -591.764 2641 1 298.104 -1030.93 2705.03 1 495.507 -589.077 2604.29 1 385.894 332.954 2602.19 1 465.919 -1030.55 2647.18 1
381.785 559.242 2597.25 1 203.825 329.409 2633 1 144.149 -10.9872 2641.47 1 567.537 335.14 2571.6 1 642.01 4.81705 2543.71 1 124.1 -307.956 2532.79 1 670.403 -290.286 2448.29 1 388.138 101.172 2595.29 1 285.38 -131.588 2606.03 1 495.809 -128.272 2570.51 1 276.322 -592.328 2644.32 1 296.183 -1032.2 2705.08 1 494.087 -589.308 2606.1 1 385.681 332.274 2602.3 1 465.683 -1031.53 2641.37 1
382.382 559.057 2596.51 1 204.717 329.434 2632.79 1 147.071 -10.4949 2643.73 1 568.457 335.48 2571.57 1 642.502 3.41 2544.85 1 123.418 -307.343 2535.68 1 670.113 -290.244 2447.14 1 389.358 101.341 2595.82 1 286.907 -131.525 2607.17 1 497.352 -128.027 2571.75 1 278.748 -592.202 2646.55 1 295.796 -1031.72 2711.07 1 494.37 -589.237 2605.06 1 386.587 332.457 2602.18 1 468.323 -1030.85 2648.57 1
381.302 558.935 2596.65 1 203.927 328.803 2634.01 1 148.036 -8.24836 2643.37 1 567.474 334.983 2571.67 1 642.749 2.20589 2543.92 1 123.043 -306.004 2538.55 1 669.187 -290.084 2444.13 1 388.559 100.773 2596.59 1 286.25 -132.134 2608.38 1 496.585 -128.559 2572.31 1 277.854 -593.111 2643.92 1 292.638 -1031.52 2715.96 1 492.535 -589.894 2603.83 1 385.7 331.893 2602.84 1 466.189 -1031.19 2650.86 1
381.646 556.746 2596.72 1 203.725 327.559 2634.44 1 148.019 -7.12357 2643.19 1 567.01 333.577 2570.59 1 642.374 2.60217 2544.46 1 122.957 -305.65 2538.46 1 672.38 -289.122 2443.23 1 388.078 99.4497 2596.16 1 285.696 -133.41 2608.26 1 495.881 -129.928 2571.32 1 276.087 -594.237 2645.5 1 293.828 -1033.94 2708.03 1 490.712 -591.365 2601.22 1 385.367 330.568 2602.52 1 464.674 -1032.89 2646.61 1
381.71 560.111 2595.75 1 204.09 330.763 2632.76 1 147.507 -6.55954 2642.59 1 567.913 336.13 2572.05 1 643.185 1.2988 2543.73 1 122.699 -305.395 2535.79 1 677.564 -292.103 2448.78 1 388.456 102.309 2596.67 1 285.659 -130.381 2608.51 1 496.16 -127.275 2573.38 1 276.702 -591.261 2645.34 1 293.33 -1031.31 2706.3 1 488.076 -588.454 2606.27 1 386.002 333.447 2602.4 1 465.98 -1030.44 2649.2 1
383.814 558.635 2596.77 1 204.878 329.095 2632.51 1 147.756 -4.77944 2644.3 1 568.91 333.825 2572.98 1 642.596 2.14894 2544.87 1 123.166 -304.758 2536.44 1 673.766 -291.516 2447.29 1 388.852 100.336 2596.36 1 285.505 -132.157 2607.19 1 496.117 -129.42 2572.75 1 275.084 -593.134 2642.38 1 298.028 -1032.84 2703.83 1 490.703 -590.584 2606.44 1 386.894 331.46 2602.75 1 465.759 -1032.76 2645.61 1
383.484 560.735 2597.78 1 204.368 330.755 2633.9 1 146.38 -5.38833 2645.66 1 568.268 335.213 2573.52 1 641.799 2.07272 2545.44 1 123.207 -303.869 2535.32 1 671.02 -290.8 2444.19 1 388.009 101.871 2596.84 1 284.432 -130.531 2607.44 1 494.969 -127.952 2572.5 1 274.467 -591.441 2643.66 1 296.527 -1030.62 2709.22 1 491.13 -589.24 2604.76 1 386.318 332.984 2603.71 1 463.548 -1030.81 2648.6 1
384.339 559.511 2597.79 1 205.026 330.311 2632.91 1 147.69 -5.69384 2644.32 1 569.071 334.697 2573.4 1 640.902 3.03579 2544.23 1 123.205 -304.561 2537.69 1 669.62 -290.431 2442.63 1 388.682 101.395 2596.11 1 285.004 -130.982 2606.28 1 495.626 -128.445 2571.85 1 275.032 -592.018 2640.87 1 301.332 -1030.62 2708.76 1 494.632 -589.638 2605.59 1 387.048 332.504 2603.15 1 463.355 -1031.45 2644.06 1
382.552 557.812 2599.29 1 204.333 328.62 2635.14 1 146.342 -6.34496 2644.66 1 567.773 333.255 2572.14 1 640.948 4.01573 2545.11 1 122.968 -305.333 2539.58 1 669.512 -290.421 2444.4 1 387.679 99.8472 2596.02 1 284.165 -132.584 2606.63 1 494.447 -129.902 2570.18 1 273.222 -593.402 2643.68 1 300.433 -1032.74 2706.2 1 488.895 -591.116 2602.99 1 386.053 330.937 2603.64 1 462.198 -1033.16 2642.35 1
385.637 558.543 2600.03 1 205.963 329.462 2633.99 1 145.173 -6.67334 2643.33 1 569.788 333.271 2573.18 1 640.477 4.00869 2546.56 1 123.277 -304.811 2539.57 1 669.496 -290.361 2445.32 1 388.93 100.292 2595.42 1 284.738 -131.884 2604.85 1 495.233 -129.68 2569.67 1 274.754 -592.387 2645.74 1 303.274 -1032.72 2699.65 1 492.31 -590.835 2603.72 1 387.875 331.367 2603.59 1 464.422 -1032.73 2644.19 1
384.7 560.685 2597.41 1 205.515 331.476 2633.32 1 146.587 -5.83697 2644.16 1 569.314 335.294 2572.31 1 640.739 4.00471 2546.28 1 126.602 -303.06 2539.4 1 669.441 -290.454 2445.7 1 388.753 102.264 2596.34 1 284.854 -129.961 2607.51 1 495.33 -127.752 2572.21 1 275.564 -589.922 2654.01 1 297.388 -1031.75 2696.53 1 494.136 -588.667 2609.45 1 387.414 333.385 2602.82 1 461.949 -1030.63 2645.58 1
382.692 558.55 2596.09 1 204.609 329.604 2634.67 1 147.797 -5.92174 2645.08 1 567.88 333.713 2570.66 1 640.873 5.00565 2545.64 1 124.898 -303.09 2539.56 1 670.32 -290.814 2448.92 1 387.88 100.514 2597.11 1 284.425 -131.819 2610.08 1 494.605 -129.442 2573.04 1 274.605 -592.258 2651.39 1 298.72 -1032.71 2705.16 1 491.612 -590.634 2606.49 1 386.244 331.659 2602.67 1 461.889 -1032.67 2644.01 1
382.997 556.951 2596.44 1 204.088 328.061 2636.03 1 148.399 -5.96038 2645.04 1 567.051 331.959 2570.25 1 641.936 4.5022 2547.82 1 124.178 -304.514 2541.26 1 670.635 -290.763 2450 1 387.022 98.8645 2597.46 1 283.478 -133.408 2610.81 1 493.473 -131.153 2572.76 1 273.044 -594.342 2645.76 1 302.817 -1033.56 2706.69 1 488.977 -592.36 2606.03 1 385.57 330.01 2603.14 1 463.095 -1034.48 2645.34 1
382.423 559.119 2597.62 1 203.55 329.606 2637.54 1 148.698 -5.97777 2644.03 1 566.009 333.257 2569.05 1 640.966 3.7485 2547.91 1 123.979 -303.8 2538.97 1 670.158 -290.479 2447.94 1 385.895 100.304 2596.88 1 282.157 -131.881 2610.27 1 491.865 -129.768 2570.65 1 273.376 -592.996 2643.64 1 300.511 -1032.09 2707.38 1 486.295 -591.256 2599.33 1 384.779 331.432 2603.29 1 465.078 -1032.63 2647.69 1
382.153 556.878 2596.7 1 203.776 328.905 2636.07 1 148.345 -4.98651 2645.51 1 566.721 332.413 2570.2 1 640.98 4.37179 2546.96 1 123.677 -304.054 2541.79 1 670.571 -290.687 2449.51 1 386.461 99.5107 2597.5 1 282.679 -132.652 2610.92 1 492.666 -130.623 2572.82 1 274.871 -593.42 2648.95 1 302.098 -1033.7 2703.64 1 489.955 -591.464 2609.94 1 385.249 330.659 2603.13 1 467.324 -1033.67 2648.82 1
381.795 558.851 2596.24 1 203.008 330.395 2635.57 1 148.671 -4.99262 2645.75 1 566.285 333.939 2571.54 1 641.489 3.6852 2545.98 1 123.651 -303.781 2542.07 1 670.231 -290.286 2447.76 1 385.972 101.01 2598.28 1 282.208 -131.172 2611.52 1 492.384 -129.122 2574.48 1 273.946 -592.221 2645.97 1 298.656 -1032.07 2705.46 1 491.235 -590.412 2605.8 1 384.647 332.167 2603.55 1 465.551 -1031.92 2650.68 1
382.133 558.667 2595.99 1 203.681 329.893 2635.77 1 147.824 -4.50266 2646.86 1 566.951 333.541 2571.67 1 643.232 2.3496 2545.46 1 123.521 -304 2541.18 1 670.019 -290.23 2446.85 1 386.736 100.556 2598.61 1 283.069 -131.66 2612.04 1 493.24 -129.55 2574.96 1 274.137 -592.768 2645.76 1 304.899 -1032.44 2703.84 1 493.195 -591.151 2601.71 1 385.316 331.717 2603.72 1 467.117 -1032.2 2651.06 1
384.169 556.084 2596.39 1 204.999 327.948 2635.17 1 147.913 -3.25117 2644.43 1 568.335 331.403 2571.41 1 642.617 1.67454 2544.23 1 124.058 -303.334 2540.49 1 670.393 -290.101 2448.45 1 387.887 98.5242 2597.72 1 284.002 -133.627 2610.59 1 494.213 -131.628 2573.7 1 275.191 -594.773 2643.95 1 305.741 -1033.33 2709.88 1 496.7 -593.208 2601.17 1 386.667 329.675 2603.29 1 464.498 -1034.07 2648.56 1
384.254 555.375 2596.59 1 205.174 327.554 2635.27 1 147.457 -4.62504 2643.21 1 568.623 330.916 2572.15 1 642.312 0.836368 2542.63 1 123.776 -304.637 2541.72 1 670.933 -290.344 2450.28 1 388.021 98.0895 2597.86 1 284.004 -134.028 2610.27 1 494.282 -132.083 2573.75 1 275.357 -595.361 2640.94 1 298.118 -1033.07 2714.67 1 491.473 -593.667 2600.96 1 386.899 329.235 2603.71 1 466.183 -1034.33 2653.7 1
383.581 556.348 2596.19 1 204.753 327.96 2635.87 1 148.23 -5.81373 2644.61 1 567.935 331.464 2571.25 1 641.156 -0.580615 2543.81 1 123.734 -306.269 2547.79 1 670.389 -289.995 2448.16 1 387.632 98.5543 2598.27 1 283.858 -133.617 2611.67 1 493.983 -131.59 2574.28 1 273.043 -594.709 2645.05 1 304.422 -1033.08 2710.96 1 493.549 -592.756 2607.64 1 386.344 329.712 2603.56 1 462.317 -1034.12 2649.1 1
384.707 561.129 2595.97 1 205.656 331.85 2636.56 1 148.117 -5.40267 2643.29 1 568.839 335.241 2571.93 1 640.58 -0.293872 2544.89 1 123.959 -305.445 2548.58 1 670.948 -290.356 2450.08 1 388.506 102.382 2599.19 1 284.703 -129.762 2612.83 1 494.827 -127.8 2575.44 1 276.069 -590.909 2646.17 1 300.738 -1029.76 2712.22 1 494.727 -588.823 2611.14 1 387.247 333.546 2604.25 1 463.255 -1030.77 2646.77 1
385.629 560.937 2595.88 1 206.784 331.802 2634.96 1 148.559 -5.20216 2643.14 1 570.307 335.224 2572.29 1 640.291 0.353844 2543.94 1 124.111 -304.669 2547.41 1 670.365 -290.342 2447.98 1 389.784 102.359 2598.19 1 285.862 -129.786 2610.89 1 496.185 -127.806 2574.63 1 275.963 -591.152 2640.5 1 300.044 -1029.42 2710.97 1 492.236 -589.216 2604.09 1 388.545 333.513 2603.63 1 464.389 -1031.18 2643.03 1
385.473 560.298 2596.33 1 206.516 331.406 2633.48 1 147.781 -3.60235 2642.57 1 570.667 334.933 2574.68 1 640.147 1.17807 2542.97 1 124.149 -304.473 2549.41 1 670.666 -290.573 2449.53 1 389.906 102.022 2598.36 1 285.873 -130.146 2609.64 1 496.568 -128.105 2575.62 1 275.109 -591.267 2642.56 1 299.117 -1030.5 2706.82 1 493.393 -589.628 2603.97 1 388.592 333.17 2604.08 1 463.767 -1031.11 2647.18 1
386.89 562.35 2596.56 1 207.473 332.615 2634.85 1 147.891 -4.30067 2642.79 1 571.295 335.824 2574 1 640.574 1.08845 2542.99 1 124.288 -303.781 2547.58 1 670.193 -290.426 2447.69 1 390.461 103.071 2598.68 1 286.294 -129.006 2610.54 1 496.784 -127.149 2575.33 1 275.085 -589.985 2645.36 1 300.054 -1029.37 2708.57 1 493.549 -588.941 2598.79 1 389.384 334.219 2604.43 1 463.809 -1029.91 2647.03 1
383.296 561.22 2596.17 1 204.813 331.813 2635.59 1 147.946 -5.65222 2645.39 1 568.284 335.742 2572.71 1 640.287 0.546031 2547.49 1 124.167 -303.78 2547.21 1 670.037 -290.247 2446.83 1 388.13 102.622 2598.84 1 284.566 -129.669 2611.73 1 494.856 -127.396 2575.35 1 272.062 -590.348 2649.87 1 301.934 -1030.33 2705.98 1 490.456 -589.113 2600.42 1 386.548 333.778 2604.15 1 461.614 -1030 2650.16 1
386.509 560.805 2604.47 1 206.695 332.481 2637.18 1 147.484 -4.83557 2643.69 1 570.562 335.118 2576.57 1 640.657 2.28273 2547.25 1 127.089 -302.874 2547.28 1 666.985 -289.666 2447.02 1 388.8 102.788 2597.85 1 283.71 -128.987 2606.36 1 494.232 -127.461 2571.29 1 273.581 -590.02 2640.57 1 300.659 -1029.98 2698.57 1 490.079 -589.139 2597.33 1 388.628 333.8 2606.87 1 463.923 -1030.43 2644.99 1
387.089 558.013 2599.63 1 206.783 330.057 2635.76 1 147.244 -5.91853 2644.34 1 570.57 331.849 2574.59 1 640.83 2.14202 2546.62 1 125.523 -302.673 2542.58 1 668.283 -289.833 2446.48 1 388.651 99.8614 2598.25 1 283.39 -131.749 2609.02 1 493.86 -130.712 2573.64 1 274.482 -592.733 2644.4 1 297.565 -1032.49 2705.59 1 490.283 -592.138 2603.73 1 388.676 330.953 2605.18 1 464.729 -1033.48 2651.37 1
387.903 557.414 2598.2 1 207.49 329.913 2635.31 1 147.624 -7.45876 2645.67 1 571.131 331.383 2573.25 1 640.916 2.07065 2546.3 1 124.54 -303.245 2541.17 1 669.017 -290.165 2446.15 1 389.195 99.5223 2598.13 1 283.885 -132.029 2609.93 1 494.272 -131.179 2574.02 1 275.326 -593.408 2639.38 1 296.538 -1032.4 2706.37 1 489.203 -592.586 2604.34 1 389.311 330.648 2604.28 1 467.804 -1034.25 2650.95 1
388.765 558.807 2596.99 1 208.004 331.561 2634.04 1 147.31 -6.72837 2643.83 1 571.956 332.885 2573.84 1 640.457 -3.46587 2544.65 1 124.098 -303.335 2539.27 1 664.063 -297.453 2444.8 1 389.882 101.078 2598.26 1 284.499 -130.45 2610 1 495.07 -129.683 2575.17 1 275.178 -591.686 2641.66 1 295.453 -1031.67 2702.04 1 490.138 -591.18 2604.22 1 389.98 332.223 2603.94 1 467.828 -1032.66 2652.2 1
387.828 555.374 2597.9 1 207.286 328.542 2633.79 1 143.657 -14.8636 2643.93 1 571.101 329.823 2572.75 1 640.729 -1.23399 2545.33 1 123.992 -311.188 2531.19 1 666.829 -295.784 2445.56 1 388.948 98.0513 2596.95 1 283.458 -133.451 2608.29 1 493.946 -132.709 2572.98 1 273.193 -594.828 2637.65 1 295.455 -1033.75 2704.64 1 490.969 -594.472 2597.28 1 389.194 329.182 2603.27 1 465.188 -1035.27 2649.39 1
387.944 555.603 2597.33 1 207.715 329.286 2633.12 1 143.825 -12.432 2644.95 1 571.623 330.59 2572.62 1 641.364 0.883374 2544.17 1 119.376 -307.547 2530.69 1 668.9 -293.63 2448.3 1 389.478 98.7992 2596.75 1 284.016 -132.717 2608.12 1 494.559 -131.962 2573.12 1 276.261 -594.32 2634.44 1 296.194 -1031.56 2711.82 1 493.799 -593.683 2598.57 1 389.669 329.938 2602.87 1 467.477 -1034.38 2651.48 1
390.476 556.804 2597.06 1 209.99 330.427 2631.8 1 140.41 -9.21725 2646.47 1 574.024 331.798 2572.06 1 644.183 0.44245 2546.6 1 116.627 -303.579 2531.68 1 668.996 -291.786 2445.73 1 391.841 99.9776 2595.62 1 286.366 -131.554 2606.58 1 496.983 -130.761 2572.02 1 276.866 -592.823 2637.54 1 298.291 -1031.83 2703.24 1 496.167 -592.457 2598.1 1 392.007 331.112 2601.93 1 470.125 -1032.46 2656.39 1
392.208 559.142 2596.42 1 211.188 332.092 2631.8 1 131.706 -4.10863 2649.24 1 574.791 333.17 2569.53 1 647.592 1.7211 2542.3 1 93.5474 -297.281 2533.68 1 672.42 -287.533 2440.39 1 392.605 101.494 2594.42 1 287.036 -129.955 2606.19 1 497.407 -129.332 2570.17 1 270.716 -591.291 2632.02 1 292.106 -1030.46 2697.48 1 492.246 -591.016 2595.71 1 392.989 332.631 2600.67 1 473.042 -1030.78 2657.96 1
391.204 560.084 2597.61 1 210.289 333.54 2633.2 1 122.353 5.44669 2655.62 1 573.348 333.714 2567.88 1 657.296 11.3592 2537.65 1 68.4729 -282.815 2537.85 1 687.723 -274.734 2436.96 1 390.79 102.495 2594.21 1 284.732 -128.688 2606.77 1 494.79 -128.587 2568.98 1 256.794 -589.643 2626.08 1 287.691 -1027.36 2696.75 1 492.564 -589.885 2600.56 1 391.818 333.627 2600.54 1 468.175 -1030.26 2656.09 1
390.58 558.912 2596.2 1 209.729 333.588 2634.35 1 106.683 10.2196 2659.32 1 571.974 332.883 2564.75 1 671.153 15.683 2536.32 1 35.3478 -271.035 2538.66 1 709.007 -262.276 2426.45 1 389.363 102.084 2594.14 1 283.079 -128.864 2608.87 1 492.67 -129.272 2568.6 1 243.617 -589.051 2611.65 1 276.874 -1022.68 2701.64 1 489.164 -589.94 2607.83 1 390.852 333.236 2599.55 1 469.047 -1031.75 2651.47 1
388.969 558.587 2596.99 1 207.465 333.219 2635.46 1 88.341 16.1115 2665.16 1 569.216 332.273 2563.29 1 683.575 20.3397 2532.66 1 -3.52753 -253.438 2536.52 1 738.053 -250.779 2414.95 1 386.564 101.607 2593.5 1 280.143 -129.258 2608.51 1 489.433 -129.806 2566.75 1 228.983 -588.401 2606.35 1 249.788 -1022.02 2700.41 1 483.31 -590.104 2610.06 1 388.34 332.746 2599.38 1 469.217 -1032.88 2645.51 1
387.785 561.669 2595.89 1 205.264 337.522 2636.85 1 65.1758 27.0554 2666.09 1 566.449 334.701 2561.95 1 700.792 30.6698 2530.33 1 -36.5457 -237.754 2539.59 1 771.527 -229.002 2399.66 1 382.997 104.967 2594.31 1 275.653 -125.361 2610.9 1 484.622 -126.993 2567.56 1 204.791 -581.676 2608.89 1 214.044 -1016.92 2697.36 1 474.413 -587.113 2612.15 1 385.857 336.111 2599.4 1 469.91 -1030.26 2645.64 1
381.321 560.212 2587.83 1 201.562 336.203 2635.84 1 41.1018 37.5151 2670.53 1 562.197 334.208 2558.3 1 717.411 43.3474 2527.16 1 -73.4092 -220.931 2545.37 1 806.505 -201.592 2382.99 1 380.38 104.032 2596.05 1 274.557 -126.564 2617.45 1 483.205 -127.718 2572.59 1 188.707 -580.352 2620.03 1 171.082 -1015.33 2705.41 1 475.205 -587.813 2618.12 1 381.879 335.206 2597.07 1 469.635 -1031.41 2645.95 1
376.018 559.128 2582.31 1 197.835 334.697 2633.59 1 11.048 52.7583 2668.76 1 558.576 333.298 2556.47 1 735.204 60.1728 2523.08 1 -128.646 -189.966 2542.49 1 841.536 -169.382 2367.06 1 377.607 102.815 2596.42 1 272.655 -127.962 2620.12 1 481.36 -128.772 2575.51 1 163.06 -576.257 2620.67 1 122.562 -1010.45 2701.62 1 471.345 -589.341 2615.23 1 378.206 333.997 2595.03 1 468.946 -1033.02 2643.33 1
366.98 560.252 2580.04 1 189.523 334.452 2634.47 1 -15.9758 70.8751 2667.88 1 549.893 334.722 2555.64 1 750.102 76.0902 2518.54 1 -177.682 -156.428 2542.93 1 873.306 -135.196 2350.74 1 370.421 103.403 2597.52 1 266.885 -127.86 2622.8 1 475.383 -127.704 2577.18 1 132.138 -568.875 2629.46 1 68.7016 -1002.38 2697.03 1 464.539 -588.072 2619.21 1 369.708 334.587 2595.06 1 462.201 -1031.95 2644.61 1
356.683 559.122 2578.41 1 180.251 333.534 2635.24 1 -49.4913 85.9344 2664.43 1 540.531 335.461 2556 1 759.549 91.0479 2516.27 1 -229.551 -130.612 2545.65 1 908.644 -86.3738 2337.44 1 362.432 103.332 2599.28 1 260.252 -128.391 2625.86 1 468.695 -127.277 2580.02 1 108.988 -564.267 2635.76 1 15.6649 -992.598 2699.03 1 455.275 -588.011 2616.74 1 360.391 334.497 2595.62 1 460.996 -1031.12 2651.06 1
336.064 556.357 2579.1 1 162.515 328.368 2634.81 1 -99.7487 105.967 2666.22 1 522.998 335.336 2556.94 1 776.274 119.524 2511.64 1 -311.681 -81.2925 2544.64 1 956.119 -20.6737 2325.71 1 348.065 100.755 2599.77 1 249.083 -132.357 2626.19 1 457.663 -128.325 2581.13 1 74.3011 -558.668 2645.75 1 -62.638 -975.552 2691.01 1 435.779 -589.267 2607.8 1 342.757 331.852 2595.87 1 462.011 -1030.47 2650.2 1
316.002 552.215 2568.95 1 145.694 321.824 2631.47 1 -144.891 126.492 2668.59 1 506.405 332.984 2555.18 1 784.131 150.753 2507.35 1 -386.61 -29.3525 2543.28 1 988.821 41.7669 2323.2 1 334.996 96.6049 2601.87 1 239.595 -137.423 2632.48 1 448.292 -130.966 2588.34 1 46.7833 -555.758 2658.13 1 -115.46 -965.455 2692.31 1 427.63 -592.391 2607.12 1 326.049 327.404 2593.32 1 460.665 -1031.83 2662.13 1
297.941 551.956 2572.87 1 128.249 321.964 2634.68 1 -177.949 152.742 2668.8 1 488.76 333.7 2557.43 1 793.059 178.88 2503.17 1 -443.187 20.8351 2545.73 1 1019.12 99.3135 2325.2 1 317.873 97.0079 2604.71 1 222.959 -137.211 2635.71 1 431.525 -130.421 2591.02 1 14.6562 -548.186 2663.26 1 -161.625 -953.497 2694.12 1 412.159 -592.144 2596.34 1 308.504 327.832 2596.06 1 456.16 -1028.97 2663.1 1
278.505 548.448 2575.32 1 109.558 318.231 2636.89 1 -209.479 178.87 2676.4 1 470.243 330.922 2560.56 1 790.526 205.441 2505.09 1 -491.962 74.7252 2542.03 1 1031.61 153.433 2338.48 1 300.016 93.7933 2608.15 1 205.795 -140.661 2639.66 1 414.468 -133.318 2595.49 1 -5.4994 -550.047 2673.67 1 -191.178 -952.413 2694.81 1 404.913 -595.347 2603.23 1 289.9 324.576 2598.72 1 452.223 -1033.8 2655.86 1
256.276 544.069 2576.06 1 87.9701 313.919 2636.65 1 -235.25 207.442 2681.7 1 449.538 328.24 2565.06 1 779.754 231.712 2507.55 1 -532.747 140.947 2545.25 1 1030.25 209.364 2348.2 1 280.028 90.4043 2611.65 1 186.699 -144.414 2643.16 1 395.905 -136.128 2601.74 1 -27.2118 -552.59 2678.53 1 -216.626 -953.963 2694.39 1 393.472 -598.352 2606.41 1 268.754 321.079 2600.86 1 451.211 -1035.9 2657.33 1
232.16 537.158 2577.42 1 63.6977 306.407 2639.17 1 -264.629 234.72 2681.84 1 425.371 320.913 2568.04 1 769.875 255.856 2508.27 1 -571.155 194.61 2550.83 1 1032.19 260.495 2364.08 1 256.018 83.0127 2614.96 1 162.883 -151.831 2646.89 1 372.122 -143.438 2605.74 1 -57.086 -557.575 2669.76 1 -235.973 -963.096 2697.36 1 376.533 -605.674 2604.34 1 244.534 313.66 2603.61 1 443.099 -1041.4 2660.49 1
206.44 528.369 2577.1 1 39.4678 298.304 2641.09 1 -295.319 255.86 2687.92 1 401.215 314.291 2570.62 1 751.435 278.927 2510.64 1 -607.709 239.299 2554.37 1 1025.52 300.878 2384.87 1 233.157 75.8445 2619.36 1 141.327 -159.233 2653.25 1 350.616 -149.983 2612.48 1 -77.9055 -565.857 2668.4 1 -240.521 -976.307 2712.88 1 362.323 -611.956 2620.71 1 220.342 306.297 2605.86 1 446.887 -1045.97 2657.65 1
181.323 526.432 2586.44 1 12.4538 296.176 2646.12 1 -330.157 271.93 2688.45 1 374.583 311.854 2577.56 1 729.221 295.964 2515.33 1 -642.676 278.816 2550.61 1 1007.76 337.529 2401.13 1 205.939 73.4975 2624.73 1 113.602 -161.556 2657.45 1 323.115 -152.485 2617.79 1 -105.753 -568.39 2665.55 1 -252.423 -982.96 2724.3 1 340.022 -614.418 2624.26 1 193.518 304.015 2611.84 1 440.909 -1045.58 2654.3 1
156.124 521.844 2583.11 1 -13.0759 292.076 2643.06 1 -354.109 285.986 2686.72 1 350.495 307.348 2583.1 1 709.082 305.958 2518.66 1 -665.438 315.823 2553.16 1 992.542 365.916 2421.11 1 180.922 69.3434 2628.46 1 87.9319 -165.444 2661.18 1 298.336 -156.606 2626.48 1 -121.734 -577.233 2672.1 1 -255.394 -995.613 2736.55 1 322.802 -618.24 2629.38 1 168.71 299.712 2613.08 1 443.013 -1044.6 2655.99 1
132.092 519.7 2580.44 1 -38.1938 290.812 2640.53 1 -379.079 294.01 2678.86 1 326.54 305.745 2588.2 1 682.518 311.458 2524.83 1 -692.435 336.191 2555.83 1 964.236 383.597 2425.02 1 156.14 68.068 2632.08 1 62.5887 -166.463 2664.93 1 273.625 -157.823 2634.65 1 -135.291 -583.764 2681.06 1 -256.634 -1006.42 2743.1 1 305.626 -618.939 2630.15 1 144.173 298.279 2614.36 1 437.292 -1042.52 2649.82 1
103.406 524.404 2588.61 1 -69.357 295.11 2641.07 1 -406.528 296.996 2669.92 1 295.89 308.953 2591.72 1 653.771 314.239 2532.41 1 -717.707 341.582 2540.56 1 937.109 371.78 2427.73 1 124.01 71.5694 2631.27 1 29.1106 -162.897 2660.41 1 240.398 -154.889 2631.86 1 -157.652 -584.865 2684.18 1 -265.727 -1012.16 2738.46 1 280.297 -614.73 2611.66 1 113.266 302.032 2616.4 1 412.325 -1038.61 2629.78 1
81.1529 529.453 2592.19 1 -93.5002 300.783 2640.58 1 -435.262 296.495 2655.95 1 272.677 313.124 2598.54 1 635.388 307.621 2540.7 1 -750.338 330.224 2534.82 1 917.342 351.566 2424.97 1 99.0465 76.4125 2634.26 1 2.56561 -157.699 2661.13 1 214.443 -150.558 2636.8 1 -160.769 -588.026 2694.44 1 -259.997 -1017.67 2748.67 1 272.832 -607.62 2606.88 1 89.5886 306.954 2619.56 1 409.038 -1030.18 2627.89 1
67.1372 532.096 2596.47 1 -109.54 304.278 2639.09 1 -443.614 290.233 2649.95 1 257.28 314.075 2602.17 1 617.711 296.325 2543.34 1 -758.255 316.179 2532.21 1 904.982 331.855 2430.74 1 81.2684 78.4306 2632.91 1 -17.4434 -155.149 2655.88 1 194.777 -149.482 2634.52 1 -157.619 -593.301 2690.34 1 -255.837 -1023.34 2744.8 1 268.666 -603.049 2590.83 1 73.8699 309.176 2620.63 1 408.052 -1024.2 2618.77 1
57.938 535.799 2595.62 1 -119.986 308.655 2637.94 1 -447.308 277.618 2645.47 1 247.218 316.857 2604.26 1 600.355 283.659 2549.17 1 -757.916 290.493 2523.11 1 889.071 303.454 2430.49 1 69.9488 81.9965 2633.95 1 -29.9341 -151.135 2656.54 1 182.497 -146.391 2637.05 1 -156.739 -592.971 2698.77 1 -247.882 -1025.24 2747.66 1 267.82 -598.291 2594.09 1 63.6159 312.756 2621.1 1 413.596 -1017.39 2620.74 1
54.7429 536.646 2595.2 1 -123.847 309.908 2636.9 1 -451.651 264.311 2640.73 1 243.563 316.598 2604.85 1 581.681 266.828 2552.08 1 -757.184 253.46 2511.63 1 873.017 274.722 2432.72 1 65.1661 82.4511 2633.55 1 -35.8028 -150.286 2655.5 1 176.751 -146.416 2636.96 1 -152.808 -595.249 2696.48 1 -243.138 -1027.81 2745.13 1 267.587 -597.041 2589.7 1 59.8581 313.253 2620.88 1 420.671 -1013.53 2616.2 1
56.742 538.996 2595.99 1 -123.726 312.55 2637.25 1 -447.821 249.159 2635.87 1 243.729 317.156 2605.18 1 566.845 249.41 2558.55 1 -749.033 218.719 2499.46 1 851.129 250.515 2423.94 1 63.964 83.9992 2633.47 1 -38.3669 -148.187 2654.99 1 174.22 -145.522 2636.44 1 -149.326 -594.606 2699.23 1 -242.157 -1027.38 2740.57 1 269.875 -594.891 2585.62 1 60.0012 314.853 2621.22 1 423.441 -1011.11 2614.57 1
60.5367 538.711 2597.9 1 -122.491 313.265 2637.65 1 -436.914 227.586 2634.94 1 244.779 314.287 2603.35 1 556.42 232.2 2558.29 1 -732.247 187.245 2490.43 1 833.16 219.191 2411.57 1 62.7857 82.8288 2631.19 1 -41.8205 -148.414 2651.81 1 170.675 -147.823 2631.96 1 -151.83 -595.587 2692.12 1 -241.224 -1028.17 2741.78 1 270.133 -596.338 2580.14 1 61.1442 313.776 2620.5 1 420.186 -1013.61 2612.28 1
68.9738 537.557 2596.34 1 -116.954 314.18 2636.55 1 -431.456 203.794 2625.97 1 250.244 309.64 2602.01 1 550.711 215.099 2559.15 1 -718.379 143.477 2475.18 1 824.745 186.512 2408.49 1 64.8048 80.9843 2630.08 1 -43.2654 -148.628 2650.87 1 169.195 -151.255 2630.88 1 -148.807 -596.945 2691.18 1 -239.314 -1028.88 2744.85 1 275.466 -598.36 2580.36 1 66.6446 311.91 2619.28 1 422.532 -1016.22 2617.98 1
78.2575 533.828 2595.57 1 -109.491 312.608 2636.48 1 -418.731 184.902 2623.49 1 257.33 304.308 2598.8 1 548.853 200.046 2561.09 1 -697.377 103.722 2469.49 1 815.072 149.345 2399.55 1 69.7191 77.5211 2627.62 1 -40.5962 -151.014 2648.5 1 171.634 -155.817 2626.7 1 -141.471 -601.048 2680.07 1 -235.046 -1030.92 2743.49 1 283.146 -601.261 2572.8 1 73.9192 308.458 2617.64 1 426.245 -1019.69 2618.14 1
90.2035 532.704 2595.7 1 -99.5018 314.667 2637.11 1 -400.867 165.456 2622.26 1 266.714 300.99 2595.58 1 549.426 183.019 2564.07 1 -672.175 69.1683 2467.46 1 813.05 119.695 2397.72 1 76.0632 76.9659 2625.86 1 -37.4272 -149.94 2647.39 1 174.468 -157.854 2623.36 1 -136.666 -600.948 2666.41 1 -233.225 -1024.8 2755.64 1 289.163 -602.734 2571.2 1 83.606 307.829 2616.35 1 428.323 -1021.78 2622.65 1
108.316 531.179 2596.25 1 -85.1308 315.953 2636.64 1 -380.938 145.233 2621.63 1 280.557 295.933 2593.2 1 551.211 167.505 2564.56 1 -638.036 31.303 2457.68 1 812.403 88.1042 2393.85 1 86.0227 75.2158 2622.84 1 -31.4584 -149.72 2643.33 1 180.123 -161.303 2618.2 1 -128.707 -601.42 2658.41 1 -229.204 -1025.62 2743.56 1 298.935 -605.538 2569.9 1 97.713 305.943 2614.92 1 433.637 -1026.07 2621.44 1
139.993 526.541 2595.53 1 -55.0539 314.201 2634.72 1 -340.976 120.125 2618.32 1 309.939 289.453 2587.94 1 557.6 144.745 2566.3 1 -586.217 -17.033 2458.97 1 815.003 42.9526 2392.9 1 112.632 71.2269 2617.77 1 -7.76225 -152.214 2637.74 1 203.405 -166.532 2610.67 1 -95.2358 -605.888 2652.42 1 -212.399 -1027.78 2725.68 1 335.425 -605.874 2554.83 1 127.442 301.827 2611.33 1 455.132 -1027.98 2623.16 1
170.16 521.782 2587.18 1 -26.0448 312.557 2632.29 1 -304.974 101.055 2617.69 1 337.656 283.74 2578.61 1 572.314 128.38 2566.67 1 -542.875 -48.6431 2457.48 1 825.438 6.00537 2394.74 1 138.697 67.7351 2613.22 1 16.3641 -154.342 2636.52 1 226.811 -171.015 2605.46 1 -78.7092 -606.601 2647.46 1 -213.35 -1023.69 2717.98 1 351.889 -611.282 2541.31 1 155.806 298.149 2605.45 1 457.704 -1033.21 2628.87 1
200.836 520.425 2582 1 2.70296 314.734 2628.76 1 -266.485 87.0294 2616.86 1 365.463 280.363 2571.98 1 591.16 113.688 2562.35 1 -504.513 -68.8669 2463.54 1 834.482 -29.2593 2389.15 1 163.535 67.4284 2608.4 1 38.0518 -152.749 2632.85 1 247.924 -172.634 2600 1 -65.954 -603.047 2643.2 1 -216.779 -1016.03 2704.24 1 370.505 -614.25 2539.56 1 184.083 297.548 2600.37 1 455.016 -1041.81 2622.3 1
238.619 522.509 2580.4 1 41.0176 313.714 2620.67 1 -212.225 75.002 2612.96 1 404.821 284.619 2567.72 1 609.095 97.8545 2556.18 1 -440.366 -95.5297 2467.62 1 840.839 -68.6924 2390 1 205.208 68.7388 2599.13 1 82.2337 -153.271 2619.38 1 292.76 -170.108 2588.73 1 -29.603 -603.731 2632.52 1 -193.798 -1013.77 2673.73 1 407.682 -610.956 2523.41 1 222.919 299.167 2594.2 1 467.274 -1038.25 2624.3 1
272.197 525.855 2569.6 1 72.2607 318.124 2613.82 1 -174.107 62.0004 2611.99 1 435.661 286.221 2559.41 1 629.051 85.4269 2553.59 1 -396.805 -113.631 2469.7 1 846.48 -101.924 2393.31 1 234.673 71.88 2592.83 1 110.256 -149.183 2614.78 1 320.515 -167.642 2583.3 1 -14.7712 -594.746 2633.25 1 -185.921 -1003.02 2667.62 1 414.791 -615.758 2534.36 1 253.961 302.173 2586.62 1 451.605 -1047.28 2628.51 1
299.272 529.572 2564.68 1 97.7076 322.95 2608.21 1 -135.051 62.0033 2613.49 1 461.208 289.271 2555.36 1 644.529 74.2093 2546.79 1 -345.931 -127.903 2478.34 1 844.62 -132.206 2391.23 1 259.096 75.9057 2588.44 1 133.582 -144.556 2610.39 1 343.887 -164.042 2579.81 1 8.39419 -589.903 2620.3 1 -154.892 -1000.89 2662.11 1 427.955 -615.096 2531.4 1 279.458 306.111 2581.79 1 445.522 -1044.3 2640.71 1
323.219 536.091 2562.23 1 120.858 330.812 2603.95 1 -106.521 62.5025 2614.74 1 484.355 295.167 2552.27 1 650.769 63.6026 2541.4 1 -304.969 -138.945 2481.92 1 841.271 -154.821 2394.9 1 280.89 82.883 2584.08 1 154.023 -136.912 2605 1 364.326 -157.535 2575.1 1 31.3828 -582.85 2606.55 1 -110.29 -998.62 2667.57 1 437.907 -611.477 2533.71 1 302.606 312.989 2578.11 1 448.602 -1040.28 2647.91 1
344.925 545.422 2570.01 1 139.703 341.592 2606.01 1 -81.772 61.7625 2616.87 1 502.699 303.772 2552.37 1 660.874 53.792 2537.72 1 -273.701 -145.05 2483.07 1 835.774 -181.851 2404.75 1 297.492 92.7412 2580.87 1 168.775 -126.259 2598.07 1 378.793 -148.14 2567.04 1 51.2981 -573.357 2590.11 1 -63.4907 -994.872 2663.76 1 441.427 -604.816 2540.72 1 321.201 322.682 2579.19 1 440.735 -1037.25 2640.9 1
364.531 552.016 2573.39 1 157.544 348.921 2604.7 1 -53.8812 60.3769 2623.93 1 520.603 309.431 2552.68 1 669.944 46.3988 2538.86 1 -229.541 -159.676 2485.79 1 829.225 -199.534 2406.29 1 313.994 99.3622 2578.12 1 183.889 -119.028 2592.59 1 393.939 -141.875 2562.49 1 82.3044 -569.308 2573.74 1 -5.79559 -992.845 2667.24 1 447.98 -600.277 2553.64 1 339.074 329.176 2578.69 1 443.012 -1034.78 2645.66 1
383.129 558.627 2567.09 1 176.394 354.562 2600.75 1 -23.9367 55.1904 2629.96 1 539.099 312.346 2548.39 1 670.975 37.1964 2539.93 1 -178.305 -175.841 2484.25 1 813.582 -226.364 2422.12 1 331.043 103.808 2574.74 1 199.416 -113.626 2590.07 1 409.264 -138.051 2559.78 1 127.051 -567.019 2550.66 1 79.7883 -988.502 2671.16 1 459.888 -597.095 2564.23 1 357.746 333.454 2574.57 1 445.044 -1032.48 2651.42 1
398.758 563.209 2571.93 1 190.6 359.604 2598.72 1 -0.459012 47.5856 2631.98 1 553.453 316.168 2548.41 1 675 33.1048 2538.97 1 -138.754 -197.412 2486.4 1 795.182 -248.217 2441.06 1 344.068 108.436 2570.01 1 211.143 -108.449 2581.02 1 421.075 -133.579 2551.91 1 156.499 -563.402 2529.34 1 141.893 -983.61 2663.57 1 464.262 -593.303 2566.44 1 372.027 337.886 2573.56 1 443.595 -1030.01 2645.96 1
408.365 561.926 2565.35 1 200.851 357.684 2593.72 1 20.7668 40.2958 2634.98 1 563.962 314.257 2545.28 1 671.496 26.5502 2535.48 1 -108.725 -213.327 2482.13 1 771.756 -266.211 2444.59 1 354.656 106.459 2567.24 1 221.864 -110.491 2578.99 1 431.945 -135.616 2550.96 1 187.618 -567.182 2523.54 1 195.878 -985.37 2667.4 1 467.149 -595.31 2579.59 1 382.407 335.971 2569.5 1 445.049 -1033.17 2652.63 1
417.46 563.611 2562.57 1 209.796 359.438 2590.77 1 44.8848 42.1479 2633.99 1 573.123 315.525 2544.41 1 664.251 20.7744 2536.25 1 -77.9495 -224.356 2492.16 1 753.56 -278.725 2453.71 1 363.402 107.996 2565.07 1 230.24 -108.787 2575.96 1 440.447 -134.193 2549.14 1 214.457 -566.987 2523.16 1 235.41 -985.982 2666.42 1 467.065 -594.416 2581.05 1 391.46 337.481 2567.59 1 444.41 -1032.53 2652.98 1
422.323 557.546 2552.67 1 215.19 353.135 2586.97 1 62.45 44.5671 2633.5 1 578.067 308.618 2537.8 1 657.134 11.3918 2537.12 1 -43.6313 -236.56 2499.87 1 728.641 -293.806 2459.38 1 368.41 101.399 2561.9 1 235.217 -115.2 2575.63 1 445.167 -140.957 2547.18 1 225.742 -574.423 2526.76 1 285.338 -989.435 2667.54 1 470.462 -601.154 2582.65 1 396.628 330.877 2562.38 1 432.93 -1037.38 2658.4 1
426.166 557.37 2555.73 1 218.454 352.703 2587.6 1 81.7203 42.2886 2631.25 1 581.139 308.35 2536.86 1 650.561 1.6919 2536.06 1 -13.3311 -250.59 2508.87 1 706.646 -308.134 2465.43 1 371.293 101.114 2559.03 1 237.873 -115.468 2570.51 1 447.707 -141.129 2541.15 1 237.86 -575.547 2528.01 1 323.442 -988.488 2662.55 1 475.938 -601.176 2577.45 1 399.797 330.527 2562.23 1 420.116 -1032.86 2664.76 1
428.964 557.496 2557.26 1 220.657 353.091 2588.06 1 95.8601 32.6441 2626.13 1 583.352 308.948 2537.15 1 644.78 -3.65416 2533.53 1 14.8667 -271.37 2514.28 1 687.308 -315.438 2466.8 1 373.392 101.647 2557.65 1 239.86 -114.956 2567.42 1 449.698 -140.495 2537.96 1 251.496 -575.627 2534.44 1 348.197 -989.124 2662.25 1 485.065 -599.041 2584.22 1 402.004 331.02 2562.61 1 407.946 -1027.84 2668.58 1
430.3 555.968 2558.02 1 221.918 351.082 2589.14 1 104.423 25.3294 2625.07 1 584.134 307.39 2534.66 1 641.38 -8.33277 2532.77 1 46.8548 -284.371 2515.62 1 663.973 -321.352 2466.88 1 374.353 99.9129 2555.18 1 240.894 -116.77 2564.22 1 450.467 -142.05 2532.7 1 257.73 -578.063 2546.49 1 356.207 -995.09 2662.36 1 491.022 -599.809 2582.94 1 403.026 329.236 2561.9 1 399.111 -1026.57 2663.69 1
428.697 550.667 2549.4 1 221.266 346.605 2585.5 1 116.71 21.1655 2617.03 1 583.58 303.416 2531.21 1 636.633 -7.44349 2531.75 1 67.1277 -291.511 2511.67 1 648.395 -322.784 2475.98 1 374.625 95.525 2555.41 1 242.02 -121.467 2568.16 1 451.636 -146.454 2536.75 1 261.143 -583.071 2562.14 1 350.878 -1004.71 2668.73 1 492.371 -603.996 2589.42 1 402.423 325.011 2558.36 1 403.585 -1030.27 2677.48 1
425.709 553.874 2545.59 1 219.668 348.438 2583.95 1 125.353 15.0806 2606.01 1 582.135 307.128 2529.21 1 629.714 -9.45759 2527.75 1 97.6714 -304.309 2509.01 1 630.239 -326.407 2481.17 1 374.546 98.1024 2555.39 1 243.335 -119.628 2570.04 1 453.045 -143.528 2538.37 1 264.644 -581.293 2572.35 1 354.401 -1005.07 2671.06 1 492.977 -601.29 2590.09 1 400.901 327.783 2556.58 1 404.736 -1028.54 2674.88 1
422.427 555.66 2546.19 1 217.168 350.115 2584.22 1 137.873 23.3363 2598.63 1 579.47 308.952 2528.27 1 624.335 -6.3208 2526 1 112.148 -299.248 2518.79 1 611.389 -323.072 2479.86 1 371.988 99.8363 2554.73 1 240.851 -117.953 2569.41 1 450.464 -141.769 2537.03 1 265.385 -579.568 2573.84 1 353.089 -1004.91 2668.29 1 491.872 -599.407 2588.86 1 398.319 329.534 2556.24 1 398.45 -1025.7 2673.37 1
421.105 552.918 2543.98 1 216.74 347.81 2583.35 1 135.938 18.1672 2595.32 1 578.797 306.66 2525.83 1 618.197 -5.98241 2525.22 1 123.711 -306.088 2506.09 1 596.584 -321.663 2474.33 1 371.494 97.5209 2553.54 1 240.483 -120.289 2569.14 1 449.956 -144.097 2535.85 1 270.908 -581.279 2583.6 1 348.941 -1010.72 2666.52 1 492.24 -601.507 2589.05 1 397.769 327.235 2554.59 1 407.087 -1030.37 2668.99 1
418.694 555.971 2543.39 1 215.28 348.706 2580.83 1 139.968 17.5823 2592.16 1 578.071 310.529 2526.07 1 614.083 -6.1531 2524.15 1 123.384 -303.948 2502.96 1 589.173 -320.93 2468.37 1 372.284 99.7009 2552.15 1 242.938 -119.171 2566.69 1 452.847 -141.26 2535.01 1 279.677 -579.565 2586.05 1 351.995 -1011.53 2661.08 1 499.812 -598.141 2588.68 1 396.675 329.617 2553.45 1 398.812 -1023.49 2667.8 1
415.473 555.063 2544.08 1 213.833 347.027 2581.32 1 143.398 25.7317 2592.74 1 576.638 311.18 2525.08 1 612.46 -2.16563 2522.96 1 121.696 -297.212 2516.11 1 589.374 -317.258 2467.42 1 372.225 99.0464 2551.4 1 244.262 -120.641 2565.86 1 454.166 -141.38 2533.32 1 274.777 -581.489 2586.32 1 350.833 -1012.28 2665 1 496.649 -598.238 2590.63 1 395.235 329.103 2553.2 1 403.055 -1026.36 2664.16 1
412.787 556.302 2543.93 1 212.188 347.817 2581.56 1 143.695 23.8635 2589.87 1 574.869 313.549 2523.54 1 612.977 -0.354811 2520.4 1 118.377 -295.691 2512.16 1 590.881 -315.244 2462.96 1 371.433 100.537 2550.36 1 244.421 -119.697 2564.95 1 454.253 -139.523 2531.38 1 267.807 -581.008 2584.6 1 353.001 -1009.54 2666.12 1 494.871 -596.903 2585.91 1 393.529 330.683 2552.55 1 400.445 -1023.33 2668.08 1
407.857 556.445 2542.86 1 207.835 347.866 2581.05 1 142.843 18.4294 2587.94 1 570.437 315.126 2521.64 1 611.786 1.55799 2517.48 1 108.58 -298.461 2509.89 1 592.206 -314.234 2464.25 1 367.886 101.276 2548.52 1 241.743 -119.474 2562.88 1 451.529 -138.416 2528.51 1 266.738 -580.611 2585.57 1 345.857 -1010.58 2665.91 1 489.806 -596.584 2577.71 1 389.136 331.496 2551.34 1 400.479 -1021.92 2670.39 1
403.496 556.519 2543.32 1 204.428 347.559 2580.22 1 135.415 12.2101 2585.48 1 567.011 316.373 2519.85 1 611.009 2.97034 2518.73 1 109.96 -305.685 2503.68 1 593.043 -312.561 2463.26 1 365.353 101.672 2546.68 1 240.098 -119.6 2560.78 1 449.874 -137.643 2525.86 1 265.259 -580.617 2586.16 1 346.904 -1010.63 2664.08 1 490.88 -595.439 2576.46 1 385.72 331.966 2550.04 1 404.446 -1020.43 2673.85 1
394.42 554.779 2533.56 1 197.781 344.141 2574.28 1 126.696 12.6124 2586.23 1 560.928 316.523 2515.68 1 606.374 4.72184 2518 1 104.951 -305.428 2504.76 1 591.61 -311.089 2463.12 1 361.829 99.8198 2545.01 1 239.248 -122.702 2562 1 449.36 -138.682 2528.09 1 259.391 -584.01 2586.46 1 349.355 -1011.13 2670.38 1 482.979 -596.59 2582.49 1 379.355 330.332 2544.98 1 407.83 -1024.93 2673.86 1
388.003 552.249 2528.67 1 192.002 340.519 2568.85 1 118.842 6.30902 2586.61 1 555.772 314.597 2513.45 1 603.358 6.03356 2516.19 1 99.2402 -311.515 2502.6 1 592.182 -310.007 2461.79 1 357.596 96.9398 2542.09 1 236.072 -126.179 2559.05 1 446.538 -141.177 2527 1 251.749 -587.634 2584.08 1 350.787 -1013.34 2664.8 1 476.514 -600.209 2573.04 1 373.887 327.558 2541.15 1 403.43 -1028.34 2667.61 1
381.954 551.697 2528.23 1 187.494 337.344 2566.28 1 114.42 -0.84887 2585.81 1 551.718 314.629 2512.49 1 600.057 1.81781 2513.63 1 102.682 -319.968 2498.93 1 591.72 -314.351 2459.42 1 355.223 95.2352 2539.44 1 235.477 -128.945 2555.05 1 446.204 -142.087 2523.93 1 253.531 -590.043 2584.56 1 351.813 -1016.81 2660.9 1 472.811 -601.407 2569.73 1 369.606 325.986 2539.38 1 404.76 -1031.72 2657.92 1
376.202 549.475 2528.52 1 183.372 332.718 2563.35 1 111.713 -4.92982 2584.92 1 548.105 313.902 2511.62 1 597.546 1.45451 2510.63 1 95.0515 -325.388 2495.4 1 591.365 -314.771 2456.41 1 353.592 92.4418 2535.82 1 235.932 -132.983 2549.12 1 446.958 -143.87 2519.19 1 249.36 -593.941 2582.75 1 351.012 -1019.72 2660.43 1 466.919 -604.383 2553.34 1 365.738 323.31 2537.48 1 407.811 -1031.79 2658.67 1
369.036 548.747 2528.65 1 177.257 330.352 2562.83 1 109.85 -5.46123 2583.46 1 541.752 314.025 2508.6 1 595.617 0.651698 2506.48 1 87.2307 -325.251 2491.67 1 593.352 -314.76 2447.67 1 348.626 91.2762 2532.11 1 232.307 -134.913 2544.2 1 443.188 -144.359 2512.82 1 239.468 -595.017 2588.15 1 353.372 -1018.42 2660.69 1 453.394 -605.821 2527.09 1 359.504 322.188 2535.71 1 403.283 -1027.9 2654.51 1
356.56 545.496 2509.21 1 168.522 324.802 2552.41 1 97.4377 -0.746794 2580.2 1 532.849 312.153 2496.14 1 595.331 -2.65966 2496.75 1 60.0582 -320.366 2490.14 1 595.671 -312.429 2422.62 1 343.082 87.5176 2526.97 1 230.084 -139.783 2545.94 1 440.874 -147.101 2513.38 1 236.29 -599.968 2590.18 1 351.259 -1021.72 2670.51 1 446.696 -607.287 2491.98 1 350.686 318.477 2524.28 1 403.379 -1019.48 2648.62 1
346.83 546.432 2501.49 1 160.519 324.186 2546.51 1 80.7193 -2.37848 2574.59 1 524.624 314.02 2488.28 1 594.167 -7.32504 2484.37 1 29.1189 -315.491 2476.38 1 610.508 -310.053 2399.32 1 336.745 88.0577 2521.3 1 225.592 -140.047 2542.04 1 436.245 -145.928 2508.35 1 231.116 -600.177 2587.42 1 350.466 -1020.62 2668.64 1 442.098 -602.148 2449.47 1 342.572 319.103 2517.39 1 390.842 -1004.53 2627.92 1
340.135 544.159 2496.64 1 154.45 321.67 2539.93 1 66.3539 0.306062 2569.8 1 518.507 312.749 2481.1 1 601.577 -4.65759 2471.69 1 -5.19368 -304.187 2465.3 1 632.358 -302.63 2377.41 1 331.311 86.1028 2513.59 1 220.833 -142.423 2533.67 1 431.454 -147.584 2499.63 1 233.794 -601.386 2587.44 1 333.172 -1027.39 2664 1 432.469 -600.467 2415.99 1 336.478 317.209 2510.52 1 402.271 -1007.94 2588.03 1
334.927 542.096 2485.71 1 149.35 319.336 2530.12 1 45.6731 1.65237 2561.4 1 513.649 310.932 2472.69 1 611.786 1.17178 2461.85 1 -39.4911 -293.668 2447.03 1 655.238 -286.232 2349.07 1 326.73 84.0076 2504.97 1 216.577 -144.687 2525.15 1 427.343 -149.549 2491.93 1 235.931 -602.43 2586.6 1 325.374 -1029.63 2669.28 1 429.442 -600.188 2393.56 1 331.499 315.134 2501.41 1 411.666 -1014.55 2550.72 1
329.955 540.571 2472.25 1 145.518 317.483 2518.85 1 29.3297 5.33096 2549.7 1 510.354 309.394 2464.96 1 621.887 11.5811 2449.43 1 -76.8833 -278.337 2427.99 1 687.102 -262.299 2320.93 1 323.525 82.3223 2496.73 1 213.57 -146.454 2517.14 1 424.657 -151.134 2485.96 1 238.652 -603.264 2583.52 1 324.844 -1030.71 2669.32 1 431.147 -598.594 2372.85 1 327.936 313.439 2491.9 1 416.542 -1021.98 2502.93 1
327.27 543.412 2457.51 1 142.601 320.88 2503.79 1 -3.8369 24.6662 2524.84 1 507.635 312.729 2451.19 1 649.444 29.2895 2424.22 1 -145.256 -236.634 2399.03 1 749.371 -214.44 2271.12 1 320.706 85.6897 2482.69 1 210.698 -143.067 2503.1 1 421.888 -147.783 2472.67 1 240.535 -599.117 2572.93 1 319.703 -1028.22 2657.58 1 430.015 -587.307 2333.21 1 325.118 316.805 2477.49 1 422.637 -1021.32 2399.86 1
323.201 541.808 2443.65 1 139.243 320.077 2491.16 1 -31.9178 40.3321 2501.92 1 503.836 312.136 2435.59 1 676.722 47.1455 2400.6 1 -201.549 -196.786 2372.23 1 800.572 -172.249 2230.74 1 317.324 84.9884 2468.75 1 207.638 -143.832 2490.19 1 418.581 -148.427 2458.05 1 240.775 -600.44 2554.81 1 316.844 -1024.06 2663.38 1 426.556 -584.677 2307.19 1 321.54 316.106 2463.38 1 426.845 -1023.46 2325.28 1
323.718 539.162 2429.22 1 139.174 318.128 2475.92 1 -60.4561 61.1665 2483.96 1 503.864 309.991 2420.96 1 702.865 68.5722 2380.31 1 -251.92 -158.037 2355.59 1 845.81 -122.57 2193.32 1 317.052 82.9285 2453.02 1 207.089 -145.848 2473.49 1 418.08 -150.556 2441.7 1 245.278 -602.488 2535.11 1 315.805 -1021.6 2662.89 1 427.14 -582.586 2278.61 1 321.519 314.059 2448.44 1 437.38 -1021.25 2252.32 1
324.475 537.775 2412 1 139.448 317.306 2459.65 1 -83.7245 80.5865 2470.48 1 504.129 308.111 2404.77 1 726.435 93.7823 2357.65 1 -298.208 -110.9 2338.02 1 884.321 -71.4563 2159.69 1 316.8 81.6117 2437.78 1 206.317 -146.826 2459.23 1 417.306 -152.145 2427.48 1 248.227 -602.192 2527.36 1 314.366 -1020.08 2662.5 1 425.823 -581.504 2256.87 1 321.789 312.709 2432.21 1 439.062 -1017.31 2193.71 1
326.36 536.78 2387.89 1 141.734 317.905 2444.06 1 -104.333 101.27 2455.25 1 505.437 307.285 2383.53 1 747.746 120.412 2335.82 1 -337.027 -62.8797 2319.89 1 926.946 -16.3267 2135.82 1 318.381 81.6481 2423.04 1 207.952 -146.227 2449.8 1 418.402 -152.372 2414.78 1 250.245 -601.704 2517.32 1 313.961 -1014.12 2669.08 1 427.995 -580.771 2241.39 1 323.586 312.595 2413.8 1 445.083 -1008.75 2137.77 1
328.071 528.67 2361.34 1 144.491 310.514 2423.19 1 -126.158 122.13 2440.13 1 508.007 298.333 2361.72 1 765.879 147.711 2312.9 1 -376.641 -12.0078 2303.48 1 958.926 39.0268 2109.49 1 320.981 73.796 2407 1 210.561 -153.308 2439.33 1 420.866 -160.355 2403.77 1 249.563 -609.801 2501.66 1 314.262 -1015.31 2670.44 1 431.218 -587.645 2227.49 1 326.249 304.423 2392.45 1 442.416 -1006.21 2088.67 1
330.419 527.873 2348.06 1 145.634 310.617 2406.12 1 -146.078 145.564 2424.56 1 509.171 296.765 2345.06 1 787.443 173.356 2289.96 1 -412.162 37.0536 2295.09 1 994.828 96.5313 2086.36 1 320.592 72.9306 2387.4 1 208.621 -153.823 2416.86 1 418.943 -161.837 2381.54 1 246.106 -609.608 2485 1 309.373 -1012.53 2661.09 1 425.182 -582.464 2190.34 1 327.403 303.691 2375.59 1 439.932 -998.507 2039.7 1
337.045 521.143 2320.46 1 150.301 306.066 2378.25 1 -162.574 179.816 2400.8 1 512.173 286.946 2309.81 1 790.784 212.33 2261.73 1 -449.681 117.833 2296.02 1 1019.83 182.458 2073.95 1 320.674 65.7682 2352.64 1 205.219 -159.427 2381.1 1 415.005 -170.512 2341.42 1 244.231 -613.613 2458.09 1 306.464 -1016.01 2636.24 1 420.998 -585.859 2146.55 1 331.237 296.506 2344.03 1 434.233 -996.919 1980.83 1
344.391 512.495 2298.63 1 157.113 299.088 2351.66 1 -175.297 201.417 2378.9 1 518.625 279.891 2281.07 1 798.758 239.533 2232.07 1 -476.006 177.973 2294.12 1 1042.51 249.205 2061.53 1 326.567 58.6682 2321.26 1 210.591 -166.595 2346.59 1 419.94 -177.712 2305.71 1 255.513 -617.445 2437.53 1 313.509 -1011.23 2634.4 1 430.468 -598.237 2118.27 1 337.869 289.49 2316.37 1 442.548 -1010.59 1954.01 1
350.869 506.251 2274.71 1 163.965 293.117 2326.8 1 -174.674 218.731 2361.46 1 524.324 274.731 2250.41 1 807.882 263.267 2202.28 1 -483.782 221.233 2291.09 1 1057.38 305.058 2042.68 1 332.69 53.0519 2290.14 1 216.929 -172.499 2313.78 1 425.541 -183.142 2269.56 1 257.883 -619.8 2421.65 1 314.399 -1008.73 2628.69 1 433.257 -607.776 2089.22 1 344.144 283.924 2288.61 1 452.481 -1018.98 1922.12 1
358.488 501.41 2249.25 1 172.133 289.084 2300.74 1 -170.851 228.878 2347.73 1 531.79 270.711 2220.99 1 814.458 282.201 2172.18 1 -485.997 249.543 2285.43 1 1063.21 355.48 2021.25 1 339.784 49.0568 2259.13 1 223.539 -176.467 2280.47 1 431.675 -187.1 2234.32 1 259.936 -620.897 2401.24 1 312.584 -1005.19 2617.9 1 436.143 -612.212 2053.7 1 351.961 279.897 2260.87 1 449.492 -1028.92 1900.51 1
365.258 499.128 2217.01 1 179.864 285.892 2271.56 1 -165.424 231.442 2330.36 1 539.519 266.444 2191.93 1 819.837 297.944 2140.78 1 -486.836 254.859 2281.13 1 1062.07 400.708 1995.19 1 347.132 45.3189 2231.4 1 230.521 -179.904 2254.09 1 438.624 -191.157 2208.02 1 262.17 -622.931 2381.74 1 309.326 -998.698 2613.69 1 437.974 -616.169 2026.5 1 359.692 276.168 2231.75 1 445.349 -1042.6 1906.65 1
374.662 498.27 2194.4 1 188.759 285.888 2246.71 1 -158.715 221.724 2314.19 1 548.088 266.243 2165.62 1 822.919 313.957 2106.48 1 -486.516 241.595 2274.72 1 1054.37 442.967 1963.13 1 355.281 45.2538 2203.85 1 238.185 -179.875 2224.98 1 446.091 -191.241 2178.06 1 262.673 -622.722 2355.15 1 305.952 -991.619 2598.7 1 433.206 -607.669 1977.37 1 368.423 276.066 2206.17 1 436.936 -1048.16 1916.76 0
384.623 501.529 2165.59 1 199.857 289.23 2222.68 1 -147.846 208.851 2297.59 1 558.205 269.866 2137.37 1 826.373 329.117 2072.35 1 -479.871 213.545 2263.65 1 1040.79 483.211 1927.1 1 366.505 48.6882 2179.81 1 250.307 -176.57 2204.28 1 457.653 -187.774 2154.92 1 261.332 -620.143 2333.48 1 310.523 -976.998 2592.91 1 438.441 -607.928 1962.67 1 379.031 279.548 2180.02 1 440.299 -1051.56 1932.47 0
396.755 505.646 2132.69 1 213.213 292.153 2192.42 1 -129.413 171.918 2271.8 1 570.049 272.025 2101.28 1 822.298 349.896 2020.15 1 -459.881 132.986 2239.34 1 1009.36 530.353 1869.37 1 378.846 51.2363 2147.78 1 262.824 -173.793 2175.07 1 469.3 -185.439 2122.34 1 250.56 -620.06 2292.18 1 311.145 -964.317 2565.54 1 436.441 -603.956 1928.38 1 391.631 282.089 2146.85 1 437.367 -1048.36 1913.33 0
408.42 511.433 2110.24 1 225.442 298.378 2172.16 1 -104.712 131.965 2250.91 1 580.081 277.577 2073.16 1 824.542 368.793 1973.81 1 -424.471 41.14 2220.31 1 979.569 572.347 1817.46 1 389.336 57.1543 2123.07 1 273.302 -167.65 2152.11 1 478.518 -179.688 2094.83 1 237.54 -611.01 2274.59 1 305.234 -949.069 2554.45 1 431.899 -607.707 1926.06 1 402.762 287.978 2122.66 1 432.361 -1052.3 1918.55 0
417.575 514.902 2087.52 1 234.897 303.064 2153.2 1 -73.3473 91.9782 2234.96 1 588.024 280.524 2049.23 1 821.956 386.544 1931.75 1 -375.751 -46.1691 2196.42 1 951.479 603.091 1768.12 1 397.163 61.0269 2102.68 1 280.717 -163.22 2134.22 1 485.013 -176.26 2074.07 1 229.947 -603.906 2261.94 1 295.08 -942.648 2542.04 1 427.725 -612.595 1932 1 411.461 291.794 2101.22 1 427.956 -1057.24 1928.25 0
426.168 517.878 2065.17 1 243.84 306.942 2137.82 1 -23.1401 37.9666 2214.5 1 593.029 281.741 2022.35 1 810.115 391.103 1880.47 1 -275.461 -168.919 2173.71 1 900.753 619.111 1708.26 1 402.936 63.6816 2083.56 1 286.38 -159.685 2120.45 1 488.495 -174.272 2053.61 1 225.144 -600.117 2245.46 1 284.478 -935.888 2530.51 1 424.557 -615.401 1930.44 1 418.435 294.342 2080.09 1 424.672 -1060.06 1928.56 0
430.058 518.223 2048.5 1 247.698 308.129 2127.18 1 23.9466 -2.52503 2196.77 1 593.803 279.868 2003.4 1 799.129 394.095 1835.16 1 -174.087 -262.393 2143.44 1 854.239 630.014 1658.39 1 403.649 63.477 2070.1 1 286.428 -158.869 2110.72 1 486.666 -175.219 2039.11 1 220.314 -597.381 2240.69 1 271.754 -936.717 2523.07 1 418.829 -621.979 1940.83 1 420.751 293.998 2065.29 1 418.887 -1066.64 1939.89 0
432.885 519.807 2040.16 1 249.128 310.43 2121.83 1 61.9772 -28.2592 2183.41 1 592.808 278.411 1992.19 1 783.41 387.126 1797.13 1 -86.6849 -322.629 2122.53 1 808.638 625.079 1615.07 1 401.464 64.1023 2062.19 1 282.554 -156.955 2104.86 1 481.367 -175.477 2029.87 1 215.137 -595.641 2234.14 1 267.335 -931.771 2520.32 1 418.124 -626.81 1951.42 1 420.968 294.421 2057.01 1 418.153 -1071.47 1950.95 0
433.649 518.173 2036.47 1 248.342 310.473 2119.2 1 100.288 -10.4773 2163.13 1 591.289 276.336 1987.92 1 764.486 370.985 1763.75 1 -8.12089 -318.914 2110.49 1 755.96 601.78 1571.58 1 399.059 63.1993 2059.2 1 279.119 -157.133 2102.81 1 477.488 -176.879 2026.87 1 213.008 -596.968 2229.07 1 267.888 -927.114 2521.59 1 423.491 -631.231 1959.76 1 419.815 293.404 2053.56 1 423.506 -1075.89 1959.53 0
433.148 517.469 2034.13 1 248.247 310.488 2120.08 1 126.641 -6.2172 2147.8 1 589.95 275.57 1985.69 1 746.247 337.995 1744.87 1 50.4252 -322.556 2091.66 1 711.015 547.177 1542.2 1 398.246 62.8588 2059.67 1 278.555 -157.211 2105.33 1 476.231 -177.411 2027.58 1 217.945 -598.836 2228.04 1 271.921 -921.641 2528.73 1 426.631 -632.441 1961.68 1 419.099 293.029 2052.89 1 426.639 -1077.1 1961.56 0
432.304 519.842 2038.96 1 245.345 311.818 2121.91 1 138.325 -22.111 2138.91 1 589.784 278.142 1994.49 1 724.129 304.499 1735.44 1 76.224 -340.049 2058.13 1 664.78 478.795 1516.54 1 397.379 64.7329 2064.49 1 277.541 -155.771 2107.64 1 476.844 -175.257 2033.91 1 217.95 -598.766 2225.93 1 270.207 -918.187 2530.62 1 429.369 -630.361 1966.95 1 417.565 294.98 2058.2 1 429.372 -1075.02 1966.89 0
428.438 519.312 2047.38 1 242.024 310.061 2126.46 1 138.668 -36.0587 2136.96 1 588.545 278.613 2004.19 1 701.07 272.752 1745.73 1 74.8905 -350.731 2029.99 1 620.783 389.912 1504.03 1 396.292 63.968 2070.75 1 277.058 -157.304 2111.54 1 477.538 -175.498 2040.81 1 218.691 -600.913 2228.26 1 269.787 -922.328 2531.13 1 430.409 -629.807 1968.43 1 415.285 294.337 2065.33 1 430.411 -1074.47 1968.4 0
425.235 516.717 2058.59 1 240.245 306.153 2134.28 1 132.342 -47.0355 2137.49 1 588.171 277.608 2015.26 1 672.542 209.381 1762.87 1 54.2201 -353.646 2009.53 1 581.54 279.721 1503.49 1 396.536 61.3779 2078.39 1 278.221 -160.868 2116.44 1 479.506 -177.382 2047.59 1 221.766 -604.603 2233.68 1 271.771 -927.102 2535.64 1 428.811 -629.14 1962.73 1 414.208 291.881 2074.77 1 428.812 -1073.8 1962.71 0
419.622 507.823 2079.69 1 238.16 293.702 2153.39 1 102.174 -47.0198 2149.26 1 586.669 271.874 2034.72 1 645.268 133.192 1794.93 1 -3.1538 -329.755 1993.1 1 530.987 111.432 1546.41 1 398.326 52.0475 2095.12 1 283.414 -172.379 2130.51 1 485.06 -185.008 2061.85 1 225.52 -614.346 2253.48 1 279.775 -940.862 2550.27 1 427.227 -635.718 1975.99 1 412.415 282.788 2094.05 1 427.227 -1080.38 1975.99 0
415.498 505.153 2107.25 1 236.244 286.849 2174.75 1 75.1122 -39.021 2164.67 1 585.806 273.509 2058.1 1 624.138 69.1053 1831.94 1 -49.128 -299.97 1988.95 1 507.625 -38.8611 1610.23 1 400.777 49.3434 2112.12 1 289.393 -177.633 2141.56 1 491.667 -185.352 2074.06 1 226.833 -618.277 2266.94 1 287.992 -946.272 2560.71 1 421.758 -632.177 1977.54 1 411.025 280.179 2116.43 1 421.758 -1076.84 1977.54 0
409.894 496.835 2128.53 1 233.419 271.876 2193.41 1 53.5632 -27.0128 2180.85 1 583.756 266.94 2078.51 1 608.572 14.554 1874.48 1 -98.0467 -260.796 1994.91 1 506.157 -159.97 1686.23 1 403.145 38.4676 2129.29 1 296.351 -191.045 2155.85 1 499.055 -193.901 2089.37 1 227.828 -630.666 2281.67 1 293.694 -958.771 2574.34 1 416.249 -637.914 1990.12 1 408.588 269.408 2135.96 1 416.249 -1082.57 1990.12 0
404.229 489.106 2150.65 1 230.479 261.476 2216.66 1 32.2784 -15.0082 2201.42 1 580.745 260.969 2101.25 1 600.285 -27.2209 1923.24 1 -137.194 -225.555 2004.75 1 515.32 -247.28 1766.02 1 403.075 30.1892 2152.27 1 301.617 -200.7 2178.18 1 499.457 -200.987 2112.99 1 229.253 -638.09 2309.43 1 298.138 -968.845 2598.42 1 422.726 -638.214 1987.16 1 405.612 261.222 2158.95 1 388.724 -1067.67 1913.85 1
400.383 486.278 2177.22 1 227.533 255.987 2243.16 1 14.1362 -5.50469 2221.71 1 577.462 259.412 2126.67 1 601.057 -45.765 1982.36 1 -172.874 -194.932 2021.48 1 528.648 -294.583 1851.8 1 402.027 26.6767 2176.71 1 303.193 -205.309 2201.25 1 499.921 -203.383 2135.76 1 229.914 -642.161 2333.93 1 304.043 -978.458 2614.95 1 429.788 -639.2 2000.2 1 402.497 257.699 2184.92 1 382.241 -1062.78 1893.69 1
391.475 482.723 2207.51 1 218.964 253.557 2280.51 1 -10.4586 8.76894 2251.36 1 569.887 257.298 2166.97 1 599.182 -25.2389 2063.33 0.5 -210.189 -172.963 2055.29 1 537.818 -291.732 1934.32 0.5 396.192 24.3385 2221.59 1 301.775 -207.776 2250.55 1 494.142 -205.725 2188.31 1 229.077 -639.3 2384.54 1 310.546 -988.709 2645.9 1 433.249 -638.935 2040.27 1 394.425 255.427 2223.74 1 384.643 -1057.74 1909.84 1
383.786 483.607 2242.16 1 209.864 253.155 2311.2 1 -28.2555 17.9066 2278.19 1 563.591 257.621 2207.13 1 594.942 -31.7041 2125.06 0.5 -230.195 -157.015 2081.83 1 545.432 -304.363 2004.09 0.5 389.567 24.2515 2258.9 1 295.946 -208.103 2287.01 1 488.867 -205.667 2230.25 1 227.857 -643.316 2419.56 1 315.089 -1007.54 2656.78 1 437.386 -637.568 2074.56 1 386.728 255.388 2259.16 1 392.857 -1053.99 1930.82 1
379.808 486.033 2266.98 1 204.737 256.179 2336.02 1 -39.1778 23.9933 2305.11 1 560.609 259.424 2239.5 1 590.649 -34.4496 2174.99 0.5 -241.2 -150.172 2107.54 1 550.996 -312.32 2062.55 0.5 386.014 26.733 2292.31 1 291.01 -205.233 2323.53 1 487.698 -203.439 2270.19 1 232.118 -643.107 2455.6 1 319.453 -1021.27 2669.5 1 442.493 -633.48 2107.19 1 382.673 257.802 2287.76 1 401.513 -1047.55 1953.45 1
375.746 493.96 2293.88 1 198.527 266.108 2358.96 1 -44.1139 29.0155 2329.05 1 556.701 268.658 2271.5 1 583.819 -28.2134 2220.92 0.5 -246.628 -150.918 2138.81 1 552.288 -310.45 2117.12 0.5 380.856 36.3265 2321.77 1 285.443 -195.432 2352.41 1 482.755 -194.027 2304.23 1 232.912 -637.467 2474.64 1 321.643 -1023.41 2674.59 1 445.189 -623.492 2137.56 1 377.614 267.383 2315.23 1 410.311 -1036.72 1978.8 1
373.717 503.145 2323.32 1 193.885 275.434 2381.28 1 -44.0429 31.4955 2357.02 1 553.747 277.562 2300.91 1 590.612 -58.1022 2247.32 0.5 -239.658 -157.663 2173.62 1 559.699 -340.871 2162.07 0.5 376.327 45.3767 2346.22 1 277.359 -186.345 2374 1 480.317 -185.144 2328.67 1 231.536 -631.965 2486.46 1 320.234 -1026.66 2668.71 1 414.752 -613.974 2168.48 1 373.816 276.498 2341.1 1 396.99 -1050.86 2087.63 0
370.824 511.202 2344.05 1 189.811 284.439 2398.58 1 -41.546 35.7666 2381.01 1 551.179 285.561 2325.17 1 594.803 -58.5144 2283.82 0.5 -228.942 -162.593 2204.32 1 569.984 -351.917 2213.25 0.5 372.779 53.9477 2369.59 1 271.846 -177.425 2398.28 1 478.281 -176.784 2356.34 1 233.796 -625.526 2504.29 1 319.357 -1025.43 2677.3 1 403.026 -605.192 2199.3 1 370.495 285 2361.88 1 394.188 -1047.94 2159.07 0
369.3 517.699 2362.4 1 186.864 292.184 2411.05 1 -32.7856 33.8899 2406.49 1 550.49 291.861 2350.79 1 601.877 -60.1155 2322.75 0.5 -211.618 -179.278 2242.24 1 585.463 -362.465 2265.2 0.5 369.872 60.9764 2389.36 1 266.474 -169.977 2415.15 1 475.658 -170.163 2380.48 1 235.516 -620.582 2512.81 1 316.053 -1025.55 2676.61 1 397.695 -596.131 2218.22 1 368.677 292.023 2380.92 1 393.301 -1040.32 2198.22 0
366.991 529.1 2387.57 1 181.354 304.669 2431.04 1 -18.9058 24.4523 2442.22 1 546.604 302.313 2381.7 1 606.869 -55.4747 2366.83 0.5 -177.079 -212.327 2291.13 1 600.642 -364.403 2320.01 0.5 363.757 72.475 2415.76 1 258.168 -157.862 2439.38 1 468.902 -159.221 2410.91 1 231.963 -609.083 2536.27 1 311.63 -1018.08 2690.5 1 412.221 -596.669 2277.95 1 363.979 303.491 2406.37 1 416.517 -1036.56 2302.64 1
365.997 533.468 2406.67 1 178.004 309.338 2447.88 1 -0.449957 16.2229 2469.6 1 544.138 305.696 2404.72 1 609.428 -45.7146 2402.45 0.5 -144.743 -238.512 2333.5 1 614.758 -359.279 2358.5 0.5 359.844 76.4861 2435.38 1 252.868 -153.493 2456.93 1 464.365 -155.596 2432 1 235.892 -607.687 2540 1 312.21 -1019.85 2687.64 1 425.966 -598.165 2308.46 1 361.071 307.517 2426.3 1 430.062 -1033.35 2376.45 1
364.666 540.886 2425.72 1 175.032 316.293 2463.24 1 9.78214 13.6054 2489.8 1 541.907 312.356 2426.38 1 610.991 -30.9658 2432.84 0.5 -114.177 -259.708 2370.29 1 626.186 -346.55 2389.53 0.5 356.819 83.2622 2453.07 1 249.119 -146.662 2471.98 1 461.218 -148.938 2450.67 1 239.66 -603.192 2542.21 1 312.472 -1014.69 2693.71 1 429.556 -596.271 2341.88 1 358.47 314.324 2444.81 1 442.991 -1021.59 2454.31 1
363.286 541.956 2441.75 1 173.888 317.316 2481.39 1 24.8891 13.8056 2518.9 1 540.966 312.405 2445.91 1 624.993 -19.1839 2474.44 1 -74.0955 -272.04 2404.43 1 664.119 -332.861 2424.07 1 355.294 83.8704 2473.56 1 247.025 -145.7 2493.72 1 459.297 -148.54 2473.2 1 238.707 -602.62 2563.01 1 333.695 -1014.33 2698.59 1 434.456 -602.085 2395.6 1 357.427 314.861 2463.65 1 428.893 -1019.12 2538.49 1
362.184 542.525 2450.27 1 173.63 318.872 2495.07 1 44.9511 4.39893 2540.45 1 540.586 312.403 2458.21 1 627.002 -15.5886 2488.21 1 -38.7255 -291.586 2437.07 1 665.89 -328.429 2431.17 1 354.32 84.8076 2489.4 1 245.404 -144.151 2512.82 1 457.66 -147.893 2491.5 1 244.512 -602.518 2571.88 1 341.805 -1017.7 2695.63 1 438.829 -604.683 2430 1 357.108 315.638 2476.64 1 416.569 -1011.85 2599.37 1
362.398 543.738 2462.53 1 174.487 320.183 2508.68 1 56.4773 -5.79901 2556.73 1 541.246 313.04 2469.86 1 629.002 -14.2959 2498.1 1 -11.5826 -309.053 2458.83 1 665.708 -325.642 2430.93 1 354.715 85.7712 2501.96 1 245.479 -143.003 2525.88 1 457.646 -147.135 2503.43 1 245.77 -602.625 2574.43 1 355.311 -1017.87 2687.33 1 443.537 -606.386 2460.53 1 357.867 316.612 2489.27 1 403.965 -1014.6 2627.36 1
365.304 546.265 2477.16 1 176.446 323.154 2521.14 1 66.2313 -9.39209 2568.37 1 542.881 313.461 2479.9 1 630.495 -14.1546 2505.56 1 16.0211 -319.294 2475.68 1 666.029 -324.353 2432.52 1 354.733 87.3979 2510.98 1 243.803 -140.708 2533.37 1 455.802 -146.315 2509.51 1 247.155 -601.447 2568.86 1 358.586 -1013.92 2690.55 1 444.023 -607.086 2484.39 1 359.664 318.307 2500.52 1 396.916 -1019.15 2641.56 1
367.334 549.345 2492.98 1 177.868 326.196 2533.67 1 80.1136 -7.194 2575.68 1 544.234 315.424 2491.96 1 631.246 -13.5793 2509.29 1 37.6471 -321.553 2486.6 1 666.19 -323.639 2433.31 1 355.07 89.8129 2519.94 1 243.111 -138.068 2539.13 1 455.065 -144.3 2515 1 249.317 -599.219 2570.42 1 360.314 -1014.03 2684.85 1 454.751 -605.375 2517.11 1 361.051 320.81 2512.82 1 394.027 -1024.65 2646.42 1
371.602 550.446 2508.89 1 181.61 329.745 2548.45 1 94.0427 -10.0844 2581.84 1 547.455 317.291 2502.94 1 631.609 -8.80134 2512.66 1 68.0543 -327.419 2483.65 1 660.158 -317.587 2429.23 1 357.217 92.4919 2530.11 1 244.066 -134.931 2547.69 1 455.737 -142.137 2521.36 1 255.728 -596.011 2579.41 1 367.556 -1012.95 2685.11 1 460.536 -602.933 2542.92 1 364.532 323.518 2525.7 1 398.809 -1026.66 2658.68 1
375.937 552.706 2525.34 1 184.797 333.364 2562.16 1 103.508 -13.5305 2593.42 1 550.206 319.272 2513.72 1 632.292 -7.91151 2514.84 1 83.5665 -332.396 2489.96 1 656.8 -313.667 2421.41 1 358.743 95.3112 2539.07 1 244.279 -131.619 2554.22 1 455.689 -139.772 2526.19 1 260.716 -592.909 2580.35 1 368.315 -1010.42 2688.53 1 466.672 -599.631 2564.13 1 367.501 326.318 2537.94 1 402.507 -1029.1 2653.19 1
378.473 554.247 2533.57 1 187.137 336.203 2570.72 1 108.259 -14.7615 2599.72 1 552.449 321.158 2521.73 1 633.65 -7.46006 2517.92 1 85.4124 -332.521 2488.97 1 655.412 -312.101 2419.21 1 360.345 97.677 2546.72 1 245.224 -128.975 2561.38 1 456.572 -137.678 2533.03 1 267.678 -590.102 2586.24 1 365.225 -1010.91 2690.84 1 473.91 -597.241 2576.34 1 369.793 328.68 2546.23 1 401.361 -1027.25 2658.95 1
381.183 553.934 2538.17 1 189.913 336.832 2576.49 1 111.637 -13.376 2603.36 1 555.089 320.946 2526.71 1 634.331 -9.73552 2520.45 1 90.2866 -329.173 2489.2 1 656.458 -314.003 2416.86 1 362.587 97.8947 2552.58 1 247.036 -128.504 2567.97 1 458.31 -137.695 2539.17 1 269.579 -589.669 2593.01 1 366.848 -1013.95 2681.85 1 482.445 -596.935 2584.76 1 372.501 328.889 2551.6 1 400.091 -1026.57 2661.26 1
386.629 556.15 2549.48 1 194.531 339.355 2585.35 1 116.311 -14.6803 2611.18 1 559.267 321.758 2533.03 1 635.159 -6.37507 2523.74 1 92.9081 -327.072 2491.45 1 655.506 -311.981 2423.03 1 365.569 99.6382 2557.87 1 248.725 -126.19 2571.68 1 459.752 -136.37 2541.41 1 274.826 -587.27 2594.92 1 364.289 -1014.52 2677.97 1 476.954 -596.45 2582.27 1 376.899 330.556 2559.19 1 408.849 -1026.92 2667.43 1
390.929 559.583 2563.13 1 197.799 342.123 2593.18 1 115.664 -11.8473 2617.1 1 562.804 325.817 2542.31 1 636.087 -3.68149 2527.36 1 95.0269 -325.63 2498.64 1 656.259 -310.384 2431.56 1 369.241 103.121 2562.38 1 252.593 -123.011 2571.73 1 463.769 -132.444 2542.3 1 277.417 -584.317 2591.86 1 364.169 -1012.7 2672.65 1 482.628 -592.583 2583.06 1 380.301 333.97 2567.74 1 413.305 -1022.98 2669.15 1
394.947 562.363 2569.96 1 201.527 343.302 2597.73 1 116.332 -4.42685 2621.55 1 566.795 328.212 2548.38 1 636.044 -1.83799 2530.19 1 91.2805 -315.195 2502.26 1 656.548 -309.155 2435.82 1 373.759 104.884 2566.66 1 257.693 -121.624 2574.55 1 469.022 -130.355 2546 1 278.396 -582.626 2602.9 1 372.869 -1010.78 2675.56 1 491.206 -590.433 2586.31 1 384.161 335.757 2573.05 1 409.698 -1018.88 2671.3 1
399.728 563.606 2583.38 1 206.566 344.719 2607.37 1 121.152 -0.700499 2626.78 1 571.271 328.923 2554.32 1 638.507 -3.93124 2537.1 1 95.8462 -310.23 2505.44 1 657.903 -309.944 2435.98 1 377.565 106.101 2571.49 1 260.706 -120.049 2577.49 1 471.718 -129.189 2546.79 1 278.977 -581.202 2605.85 1 363.607 -1011.55 2677.63 1 494.733 -589.178 2588.03 1 388.919 336.821 2580.84 1 402.354 -1016.35 2668.2 1
402.597 562.344 2589.08 1 208.955 343.831 2611.85 1 126.076 4.65051 2627.9 1 573.502 328.035 2557.65 1 639.753 -4.96695 2542.55 1 93.009 -306.477 2510.56 1 659.297 -311.325 2437.82 1 379.719 105.24 2574.57 1 262.755 -120.883 2580.07 1 473.662 -130.022 2548.71 1 276.68 -581.994 2611.41 1 362.593 -1013.91 2670.84 1 493.746 -589.691 2594.63 1 391.229 335.933 2584.75 1 404.837 -1019.61 2663.1 1
407.795 563.938 2593.43 1 213.447 346.296 2614.82 1 128.041 6.82659 2628.95 1 578.113 329.308 2561.77 1 643.88 -6.48529 2548.28 1 90.8091 -305.223 2514.25 1 660.254 -312.649 2439.5 1 383.493 107.161 2577.7 1 265.717 -118.567 2582.44 1 476.697 -128.395 2551.75 1 277.577 -579.722 2614.35 1 366.622 -1011.98 2666.91 1 495.418 -587.996 2599.12 1 395.78 337.802 2588.3 1 405.325 -1017.82 2667.7 1
411.667 563.061 2594.59 1 217.827 345.568 2616.05 1 130.528 9.92322 2631.44 1 582.542 328.38 2563.37 1 647.952 -4.75296 2549.65 1 89.379 -303.594 2516.83 1 661.362 -313.143 2443.46 1 387.797 106.329 2579.21 1 269.906 -119.345 2583.94 1 480.914 -129.289 2553.46 1 279.848 -580.638 2614.68 1 366.032 -1013.4 2668.59 1 495.74 -589.116 2599.99 1 400.184 336.974 2589.71 1 410.98 -1020.96 2662.5 1
414.38 565.141 2595.18 1 219.806 347.365 2617.79 1 132.261 12.4613 2632.71 1 584.599 330.503 2565.53 1 649.973 -3.37542 2555.32 1 88.9466 -302.788 2519.74 1 659.703 -311.77 2443.99 1 390.184 108.223 2582.21 1 272.637 -117.61 2587.87 1 483.692 -127.365 2557.63 1 279.682 -578.796 2620.87 1 365.735 -1012.37 2668.08 1 494.104 -587.447 2602.75 1 402.203 338.934 2591.66 1 408.311 -1019.94 2659.36 1
416.191 562.416 2595.48 1 222.167 345.359 2618.08 1 133.636 13.7364 2633.35 1 587.05 327.638 2566.73 1 651.994 -3.69416 2559.66 1 88.4199 -302.105 2519.78 1 660.854 -313.348 2445.07 1 392.107 105.801 2583.19 1 274.051 -119.769 2588.83 1 485.159 -130.022 2559.12 1 278.625 -581 2621.73 1 366.922 -1014.56 2665.08 1 494.254 -590.573 2599.4 1 404.608 336.498 2592.41 1 405.881 -1021.71 2662.08 1
417.296 561.761 2595.12 1 223.304 344.626 2618.04 1 133.82 13.3718 2634.16 1 588.305 326.542 2567.66 1 653.001 -3.3507 2561.83 1 93.1267 -303.447 2524.27 1 660.947 -313.724 2443.12 1 393.143 104.882 2583.93 1 274.894 -120.587 2589.58 1 486.07 -131.05 2560.43 1 279.112 -581.813 2622.74 1 366.606 -1015.86 2663.05 1 493.371 -591.565 2601.7 1 405.805 335.584 2592.85 1 406.633 -1023.54 2661.15 1
418.493 557.951 2595.46 1 225.117 341.297 2618.58 1 134.396 14.1768 2634.07 1 590.206 323.586 2568.71 1 652.491 -7.16571 2561.44 1 90.3881 -302.688 2524.73 1 663.989 -318.552 2440.55 1 395.232 101.732 2584.59 1 277.19 -123.854 2589.96 1 488.416 -134.101 2561.11 1 279.37 -585.268 2620.5 1 369.185 -1018.03 2668.33 1 495.668 -594.685 2601.76 1 407.662 332.441 2593.64 1 405.725 -1025.69 2663.52 1
422.288 558.085 2595.12 1 227.82 341.99 2617.13 1 140.202 12.5922 2636.53 1 593.034 323.117 2568.64 1 653.251 -9.0872 2563.22 1 92.8952 -300.437 2524.18 1 667.278 -322.19 2445.22 1 397.307 101.882 2583.85 1 278.536 -123.33 2588.84 1 489.837 -134.249 2560.79 1 278.409 -584.81 2618.47 1 369.464 -1017.01 2669.28 1 495.636 -594.417 2605.94 1 410.427 332.554 2592.89 1 402.956 -1026.1 2657.34 1
422.104 562.118 2596.45 1 228.692 343.57 2617.99 1 143.599 12.2932 2635.77 1 594.176 327.204 2570.71 1 652.623 -9.5409 2561.11 1 102.639 -298.909 2520.26 1 669.21 -324.143 2449.05 1 399.87 104.657 2584.83 1 282.575 -121.339 2588.98 1 494.036 -130.808 2561.63 1 281.753 -582.849 2618.25 1 369.266 -1014.46 2678.64 1 502.835 -590.966 2606.45 1 411.434 335.387 2594.35 1 400.725 -1020.12 2660.73 1
422.848 562.823 2595.62 1 229.994 343.692 2617.24 1 146.295 14.1441 2637.88 1 595.667 327.881 2571.2 1 651.006 2.32375 2562.16 1 103.626 -295.411 2523.14 1 666.213 -313.683 2456.92 1 401.661 105.032 2584.75 1 284.71 -121.149 2588.6 1 496.272 -130.297 2561.96 1 281.862 -582.684 2617.32 1 369.698 -1014.95 2672.66 1 502.813 -590.313 2608.62 1 412.83 335.787 2594.22 1 399.294 -1019.47 2660.95 1
423.337 561.843 2595.2 1 231.02 343.494 2618.47 1 147.148 13.0708 2637.94 1 596.332 327.923 2569.62 1 655.504 1.66291 2565.57 1 109.262 -296.564 2524.24 1 666.031 -312.292 2455.88 1 402.612 104.936 2584.86 1 285.868 -121.333 2589.81 1 497.228 -130.342 2561.55 1 277.015 -582.698 2619.45 1 369.977 -1014.34 2671.21 1 496.869 -590.951 2601.44 1 413.676 335.709 2594.04 1 403.361 -1020.55 2665.72 1
424.285 560.937 2595.5 1 231.288 342.503 2619.14 1 147.579 15.5374 2636.98 1 596.519 326.651 2569.72 1 659.755 -3.17175 2564.79 1 107.024 -292.72 2525.24 1 668.634 -317.281 2454.9 1 402.574 103.838 2584.71 1 285.591 -122.314 2589.29 1 496.896 -131.486 2560.7 1 276.688 -583.839 2616.59 1 366.554 -1016.1 2668.98 1 498.976 -591.627 2605.83 1 413.903 334.577 2594.43 1 398.4 -1020.67 2663.11 1
424.895 560.268 2595.14 1 231.464 341.891 2617.92 1 147.288 12.7691 2637.98 1 596.932 325.931 2570.33 1 660.878 -3.08646 2563.9 1 111.676 -295.112 2524.8 1 666.289 -316.9 2453.85 1 402.861 103.17 2584.45 1 285.802 -122.954 2588.55 1 497.248 -132.188 2561.01 1 278.744 -584.594 2614.56 1 369.674 -1015.65 2674.26 1 496.788 -592.621 2603.44 1 414.198 333.911 2594.13 1 398.837 -1022.15 2662.58 1
425.902 561.983 2595.46 1 232.185 343.544 2618.23 1 147.667 8.90294 2638.48 1 597.667 327.236 2570.84 1 661.463 -6.56359 2563.46 1 113.042 -297.529 2518.09 1 669.386 -320.319 2456.36 1 403.382 104.657 2584.91 1 286.112 -121.358 2589 1 497.565 -130.794 2561.58 1 275.862 -583.084 2612.08 1 367.876 -1013.63 2674 1 497.043 -591.498 2601.22 1 414.926 335.39 2594.53 1 397.645 -1020.1 2664.87 1
427.001 562.334 2595.63 1 233.394 344.193 2618.08 1 147.338 8.95364 2636.74 1 598.909 327.742 2570.98 1 661.737 -8.28571 2563.75 1 114.703 -297.747 2513.35 1 669.795 -322.072 2453.79 1 404.491 105.252 2584.63 1 287.095 -120.704 2588.35 1 498.567 -130.223 2561.1 1 275.243 -582.452 2610.43 1 371.66 -1012.6 2668.2 1 496.418 -591.224 2597.08 1 416.152 335.967 2594.53 1 399.222 -1019.3 2667.33 1
427.694 561.787 2595.2 1 232.939 343.696 2617.92 1 147.67 10.4771 2636.37 1 598.368 327.215 2570.16 1 660.368 -6.6427 2564.36 1 114.783 -297.988 2515.01 1 667.039 -319.917 2453.87 1 404.002 104.724 2584.51 1 286.639 -121.24 2588.8 1 498.062 -130.775 2561.16 1 272.847 -582.801 2613.45 1 370.388 -1012.75 2671.04 1 493.16 -591.716 2597.76 1 415.654 335.456 2594.04 1 403.622 -1022.01 2664.3 1
429.482 562.396 2595.49 1 233.135 344.733 2618.49 1 147.838 10.7416 2635.69 1 598.338 326.36 2569.73 1 659.687 -4.82521 2560.68 1 114.411 -297.848 2515.62 1 665.089 -316.971 2451.37 1 402.801 104.906 2584.13 1 284.217 -120.419 2588.25 1 495.513 -131.049 2560.04 1 274.704 -582.136 2611.78 1 366.695 -1013.14 2670.5 1 492.38 -591.587 2601.43 1 415.736 335.546 2594.11 1 403.985 -1023.15 2660.97 1
429.591 565.182 2596.64 1 232.881 347.795 2620.04 1 147.923 10.3733 2635.35 1 597.782 328.271 2569.52 1 659.346 -6.41594 2557.84 1 118.558 -299.199 2514.61 1 663.022 -315.339 2446.42 1 401.603 107.441 2584.73 1 282.315 -117.504 2589.3 1 493.434 -128.8 2560.07 1 278.029 -579.337 2611.76 1 364.837 -1010.27 2677.94 1 488.014 -589.831 2594.83 1 415.332 338.033 2594.78 1 410.432 -1021.3 2666.97 1
430.503 563.268 2595.71 1 232.916 346.765 2619.5 1 147.467 11.1888 2632.18 1 597.526 325.74 2567.51 1 659.177 -8.21088 2553.92 1 116.932 -299.069 2515.99 1 660.881 -314.491 2440.35 1 400.552 105.701 2583.86 1 280.407 -118.768 2589.26 1 491.357 -130.932 2559.18 1 276.654 -580.738 2609.19 1 364.699 -1011.95 2672.1 1 490.19 -592.157 2591.87 1 415.221 336.252 2593.5 1 410.089 -1022.45 2669.02 1
431.827 562.982 2595.75 1 233.277 348.114 2619.05 1 146.738 12.0971 2629.59 1 597.802 325.128 2567.3 1 660.093 -11.609 2553.46 1 115.795 -298.874 2518.56 1 665.665 -318.817 2446.79 1 399.594 106.17 2583.21 1 278.199 -117.632 2588.22 1 489.1 -130.931 2558.28 1 274.824 -579.654 2607.33 1 368.597 -1009.6 2670.66 1 492.484 -591.656 2596.91 1 415.539 336.621 2593.17 1 404.064 -1022.92 2655.11 1
431.768 564.24 2595.76 1 233.342 349.347 2619.15 1 147.376 11.5549 2628.79 1 597.868 325.579 2567.73 1 659.554 -10.8116 2553.73 1 113.775 -298.853 2514.53 1 663.813 -317.471 2446.24 1 399.222 107.026 2583.81 1 277.39 -116.535 2589.06 1 488.289 -130.286 2559.32 1 277.525 -578.422 2611.14 1 371.474 -1008.66 2672.41 1 494.638 -590.963 2598.57 1 415.605 337.463 2593.44 1 402.319 -1021.77 2656.24 1
432.124 565.05 2595.27 1 232.827 351.679 2618.53 1 147.694 12.2826 2627.89 1 597.332 326.525 2567.62 1 659.783 -12.4119 2551.86 1 118.198 -299.234 2514.52 1 665.956 -319.71 2445.03 1 397.883 108.711 2583.78 1 275.242 -114.404 2589.22 1 486.131 -128.957 2559.77 1 276.21 -576.354 2610.22 1 365.622 -1008.16 2666.9 1 494.487 -589.435 2601.15 1 415.08 339.102 2593.07 1 401.529 -1020.79 2654.61 1
