344.282 562.335 2578.3 1 161.205 340.839 2632.28 1 80.4656 0.25674 2657.83 1 521.578 334.734 2540.28 1 606.612 8.7459 2526.42 1 53.4887 -306.02 2565.21 1 632.666 -286.751 2425.65 1 337.768 108.222 2587.32 1 231.494 -119.604 2614.57 1 436.796 -123.081 2562.15 1 256.209 -578.074 2620.85 1 278.085 -1014.04 2686.29 1 459.868 -581.187 2583.51 1 341.391 337.786 2586.28 1 438.253 -1017.8 2645.21 1
346.837 564.092 2579.52 1 165.385 340.235 2628.1 1 79.7506 0.621747 2657.96 1 527.706 340.322 2544.43 1 605.322 8.37942 2525.25 1 53.5433 -306.31 2569.51 1 634.728 -286.243 2425.61 1 346.482 110.715 2585.75 1 243.182 -118.874 2609.08 1 449.656 -118.824 2561.4 1 265.603 -577.248 2622.7 1 289.334 -1013.43 2686.5 1 468.67 -577.054 2583.81 1 346.545 340.278 2586.27 1 445.891 -1014.15 2641.57 1
346.468 562.257 2579.58 1 166.302 336.734 2628.35 1 81.8718 0.808562 2657.98 1 528.388 338.55 2543.33 1 606.156 10.1918 2523.62 1 53.439 -305.868 2565.75 1 636.73 -286.114 2428.07 1 348.235 108.068 2584.73 1 246.012 -122.023 2607.83 1 452.238 -120.989 2559.4 1 257.02 -580.575 2624.99 1 278.013 -1016.52 2691.48 1 459.493 -579.554 2578.57 1 347.345 337.642 2585.84 1 435.902 -1015.73 2642.48 1
346.683 560.592 2578.62 1 166.621 334.868 2627.24 1 82.9378 1.40322 2659.51 1 528.492 336.804 2541.11 1 609.574 9.59685 2523.8 1 53.3974 -306.281 2568.19 1 637.768 -285.964 2430.08 1 348.474 106.253 2582.87 1 246.331 -123.882 2606.1 1 452.453 -122.779 2557.04 1 254.196 -582.594 2622.98 1 277.265 -1017.87 2693.11 1 458.028 -581.139 2581.95 1 347.557 335.836 2584.18 1 432.883 -1017.94 2640.82 1
347.886 562.528 2578.13 1 167.11 337.5 2626.58 1 83.4678 1.20434 2658.24 1 529.237 339.04 2541.43 1 607.788 9.79561 2521.4 1 53.3121 -305.919 2565.05 1 637.916 -285.688 2430.07 1 349.001 108.68 2583.37 1 246.688 -121.349 2606.99 1 452.97 -120.472 2558.49 1 253.962 -580.071 2625.22 1 278.684 -1015.15 2696.11 1 458.706 -578.658 2587.17 1 348.173 338.27 2584 1 431.956 -1016.29 2638.38 1
349.064 560.434 2577.89 1 166.988 335.309 2624.55 1 84.2371 3.10102 2657.62 1 529.754 335.857 2542.15 1 607.899 4.89886 2519.7 1 53.5316 -306.618 2571.01 1 640.293 -293.707 2432.93 1 348.441 105.993 2582.13 1 245.182 -123.754 2604.38 1 451.84 -123.441 2557.44 1 254.87 -582.501 2621.29 1 270.375 -1018.84 2686 1 457.811 -581.943 2580.6 1 348.371 335.583 2583.35 1 429.379 -1018.7 2638.08 1
349.055 561.293 2577.77 1 166.875 337.769 2626 1 84.623 4.55247 2657.81 1 529.107 336.967 2541.28 1 606.952 6.44734 2523.35 1 53.4516 -306.513 2570.9 1 639.44 -291.039 2431.9 1 347.259 107.777 2582.68 1 243.351 -121.586 2605.86 1 449.704 -122.043 2557.59 1 254.368 -580.181 2625.94 1 268.349 -1016.76 2689.83 1 455.202 -580.494 2582.46 1 347.991 337.368 2583.64 1 428.965 -1017.54 2639.1 1
348.078 564.409 2577.21 1 165.61 341.798 2627.9 1 83.3157 4.77655 2659.41 1 526.991 339.584 2539.67 1 606.479 10.2232 2522.67 1 53.2773 -306.237 2569.26 1 639.761 -288.695 2434.08 1 344.759 111.102 2583.23 1 240.28 -117.856 2607.81 1 446.154 -119.118 2557.54 1 251.631 -576.633 2622.41 1 268.837 -1012.03 2693.05 1 453.528 -577.622 2581.17 1 346.301 340.691 2583.78 1 428.51 -1014.14 2642.25 1
347.618 566.558 2577.43 1 164.432 344.294 2628.05 1 82.6598 6.39242 2655.2 1 526.04 340.402 2540.77 1 607.241 12.1073 2522.33 1 53.4181 -306.072 2568.45 1 638.572 -286.806 2429.97 1 342.876 112.768 2584.87 1 237.52 -115.704 2610.19 1 443.513 -117.921 2560.47 1 250.943 -574.51 2622.3 1 271.451 -1009.5 2694.83 1 454.401 -576.331 2584.55 1 345.236 342.348 2584.41 1 430.994 -1012.91 2646.06 1
346.656 565.504 2578.54 1 164.023 343.605 2629.7 1 82.3324 6.19954 2655.11 1 525.08 338.208 2540.24 1 605.122 13.0502 2521.17 1 53.3632 -305.793 2565.2 1 638.729 -286.538 2432.19 1 341.157 111.338 2585.12 1 234.921 -116.693 2610.75 1 440.605 -119.767 2559.79 1 251.208 -575.432 2622.14 1 271.859 -1011.27 2689.3 1 453.676 -578.286 2580.35 1 344.551 340.906 2584.97 1 431.102 -1013.98 2647.9 1
343.663 565.942 2578.1 1 160.968 343.813 2632.15 1 86.1681 6.6004 2651.56 1 520.975 337.634 2538.66 1 604.061 12.0244 2521.58 1 53.3304 -305.772 2563.54 1 638.393 -286.076 2431.21 1 337.092 111.161 2585.64 1 230.666 -116.642 2612.51 1 435.76 -120.161 2559.25 1 249.156 -575.256 2625.63 1 272.427 -1011.59 2688.65 1 452.739 -578.652 2577.25 1 340.971 340.723 2585.41 1 428.774 -1013.54 2649.38 1
344.015 566.126 2577.88 1 161.076 343.997 2631.25 1 88.0898 5.80232 2652.29 1 521.034 337.521 2537.52 1 604.035 10.5097 2521.8 1 53.2178 -305.814 2562.72 1 637.555 -285.198 2427.19 1 336.791 111.204 2583.87 1 230.002 -116.507 2610.05 1 435.051 -120.196 2556.66 1 253.525 -574.922 2621.24 1 273.452 -1011.33 2685.02 1 457.215 -578.292 2578.13 1 341.055 340.759 2584.39 1 434.919 -1014.18 2644.45 1
345.095 565.615 2578.27 1 161.609 343.682 2629.72 1 91.0457 6.89783 2651.15 1 522.184 337.94 2538.34 1 605.52 11.2579 2521.41 1 53.1487 -305.725 2562.29 1 636.635 -284.755 2424.9 1 337.901 111.255 2582.69 1 231.201 -116.666 2607.38 1 436.611 -119.938 2555.32 1 255.277 -574.996 2621.16 1 279.269 -1010.88 2687.05 1 458.773 -577.819 2581.17 1 341.897 340.811 2584.03 1 437.261 -1014.18 2644.73 1
344.315 564.238 2580.47 1 161.037 342.508 2630.57 1 93.5219 8.44723 2652.08 1 521.487 337.392 2538.64 1 604.258 10.6304 2523.21 1 53.0717 -305.643 2562.1 1 636.87 -284.938 2425.29 1 337.388 110.401 2582.19 1 230.848 -117.691 2605.96 1 436.182 -120.606 2553.59 1 252.528 -576.107 2621.02 1 280.088 -1011.08 2691.32 1 457.715 -578.633 2577.71 1 341.262 339.95 2584.6 1 433.147 -1014.7 2642.25 1
344.566 565.793 2579.05 1 161.381 343.14 2630.54 1 89.7636 8.72242 2653.04 1 521.378 337.893 2536.85 1 605.629 11.8164 2520.59 1 53.0235 -305.71 2561.99 1 637.104 -284.984 2425.49 1 337.613 110.958 2582.08 1 231.306 -117.106 2607.15 1 436.386 -120.095 2553.78 1 252.866 -575.502 2623.23 1 280.878 -1010.55 2693.06 1 459.1 -577.951 2580.12 1 341.379 340.517 2583.69 1 432.713 -1014.15 2643.14 1
343.027 563.009 2568.86 1 161.048 340.551 2623.45 1 85.3456 7.89188 2653.53 1 522.514 335.138 2535.82 1 605.777 13.3785 2519.3 1 53.0622 -305.648 2561.93 1 638.311 -285.533 2429.61 1 339.002 108.324 2582.35 1 233.251 -119.655 2610.03 1 439.194 -122.74 2560.1 1 254.11 -578.158 2623.83 1 283.495 -1012.18 2699.13 1 461.049 -580.717 2585.17 1 341.781 337.845 2579.64 1 433.55 -1017.38 2644.3 1
342.618 564.246 2572.76 1 160.547 340.852 2625.69 1 88.1686 7.4473 2649.77 1 521.692 337.196 2536.57 1 605.382 16.1877 2519.65 1 52.9994 -305.538 2558.99 1 642.868 -282.181 2431.94 1 338.958 109.469 2581.78 1 233.935 -119.045 2607.82 1 439.657 -121.128 2557.06 1 251.692 -577.752 2618.22 1 285.672 -1011.33 2694.15 1 460.435 -579.118 2582.88 1 341.12 339.024 2581.13 1 427.456 -1016.69 2629.89 1
342.964 564.635 2574.7 1 161.854 341.446 2628.01 1 89.5806 7.22507 2650.89 1 522.024 339.036 2535.01 1 606.186 15.5923 2521.82 1 53.0198 -305.726 2560.4 1 640.329 -282.771 2429.54 1 340.387 110.666 2581.45 1 236.243 -118.223 2607.88 1 441.425 -119.596 2554.89 1 254.401 -576.865 2620.56 1 284.013 -1010.32 2698.96 1 462.733 -577.096 2587.35 1 341.939 340.241 2581.51 1 432.292 -1015.29 2630.97 1
343.732 565.159 2575.68 1 162.873 341.511 2627.09 1 97.2912 8.10939 2652.94 1 523.647 339.96 2536.39 1 603.595 17.2991 2521.42 1 53.1056 -305.433 2559.74 1 643.73 -280.512 2431.86 1 342.049 111.153 2580.85 1 238.08 -117.988 2605.8 1 443.597 -118.872 2554.13 1 252.851 -576.704 2619.95 1 286.502 -1010.82 2692.7 1 462.252 -576.53 2586.25 1 343.26 340.736 2581.74 1 431.117 -1014.55 2631.63 1
342.325 565.49 2578.67 1 161.787 341.65 2626.78 1 96.649 9.04968 2652.48 1 523.13 342.107 2538.35 1 604.8 18.6543 2521.71 1 52.9393 -305.463 2560.82 1 645.559 -278.827 2433.06 1 342.161 112.305 2580.16 1 238.939 -117.398 2602.94 1 444.786 -117.138 2552.57 1 252.64 -576.153 2617.31 1 283.052 -1009.67 2694.93 1 461.294 -574.909 2584.43 1 342.459 341.879 2582.57 1 431.474 -1012.32 2636.02 1
345.227 563.706 2581.16 1 163.103 341.075 2627.17 1 91.8287 9.52737 2651.74 1 524.443 340.339 2538.68 1 604.905 17.3243 2520.86 1 53.0046 -305.276 2559.98 1 641.909 -280.921 2430.41 1 342.429 111.152 2579.34 1 238.166 -118.194 2600.97 1 444.005 -118.613 2550.56 1 251.651 -576.733 2620.65 1 279.857 -1011.25 2693.39 1 457.758 -576.586 2580.79 1 343.773 340.707 2582.92 1 432.658 -1013.66 2637.45 1
344.529 563.594 2580.91 1 163.464 340.578 2628.28 1 91.4185 9.26556 2652.38 1 524.435 339.526 2538.29 1 605.453 16.1601 2521.43 1 53.0875 -305.593 2560.92 1 639.863 -282.899 2429.16 1 342.344 110.496 2579.53 1 237.922 -118.761 2601.4 1 443.555 -119.36 2550.14 1 252.933 -577.104 2624.38 1 278.61 -1012.35 2693.7 1 457.678 -577.22 2581.98 1 343.95 340.052 2583.28 1 432.131 -1014.57 2636.56 1
343.945 563.49 2578.78 1 162.351 340.096 2623.22 1 89.1985 10.1418 2647.19 1 525.099 339.416 2541.04 1 606.216 15.0709 2523.22 1 53.0813 -305.686 2561.4 1 634.018 -284.368 2424.99 1 342.658 110.183 2579.32 1 238.245 -119.197 2599.93 1 444.938 -119.584 2553.1 1 252.246 -577.397 2626.22 1 278.933 -1014.17 2683.67 1 460.436 -577.214 2587.49 1 343.725 339.756 2582.13 1 435.078 -1014.22 2644.98 1
346.156 562.208 2577.74 1 162.49 341.859 2626.46 1 90.1063 9.07124 2647.62 1 523.646 336.313 2537.9 1 609.615 15.0343 2522.64 1 53.0287 -305.192 2557.44 1 635.01 -284.85 2425.19 1 339.016 109.556 2580.03 1 232.082 -118.393 2603.11 1 437.847 -121.554 2552.65 1 246.323 -576.602 2629.38 1 272.756 -1012.77 2691.87 1 450.546 -579.522 2583.25 1 343.068 339.086 2582.18 1 425.167 -1016.53 2640.86 1
347.733 562.43 2577.2 1 162.716 343.502 2627.61 1 93.0587 10.5375 2648.82 1 523.318 334.822 2536.87 1 607.312 15.0149 2521.32 1 53.0368 -305.597 2559.61 1 636.07 -285.006 2426.46 1 337.101 109.665 2580.68 1 228.485 -117.361 2604.96 1 433.884 -122.305 2553.28 1 250.241 -575.526 2623.8 1 270.747 -1010.5 2695.57 1 453.285 -580.114 2582.15 1 343.017 339.162 2582.24 1 429.565 -1017 2641.42 1
346.373 561.495 2576.93 1 162.102 341.954 2627.74 1 95.0171 12.2581 2647.42 1 522.633 334.387 2536.44 1 606.641 15.0186 2520.16 1 53.0609 -305.455 2559.38 1 635.791 -284.563 2423.51 1 337.133 108.649 2580.44 1 229.218 -118.718 2604.8 1 434.579 -123.028 2552.79 1 252.456 -576.861 2623.92 1 281.819 -1011.98 2691.56 1 460.157 -580.472 2582.51 1 342.368 338.171 2582.09 1 430.165 -1017.82 2634.25 1
347.292 562.008 2577.79 1 163.487 341.686 2627.01 1 91.0024 13.6237 2649.21 1 524.379 335.302 2536.98 1 606.317 15.0145 2521.09 1 52.9874 -305.592 2560.62 1 636.754 -284.842 2426.3 1 339.362 108.956 2579.95 1 232.001 -118.762 2603.54 1 437.58 -122.399 2552.26 1 254.606 -577.13 2617.38 1 283.24 -1011.13 2692.44 1 461.465 -580.163 2578.62 1 343.933 338.494 2582 1 431.509 -1016.72 2636.74 1
347.226 563.627 2577.73 1 163.229 341.664 2625.67 1 85.987 10.8009 2650.6 1 524.316 336.494 2536.31 1 605.147 13.0184 2520.06 1 53.1097 -305.427 2559.85 1 636.432 -284.681 2424.91 1 339.912 109.529 2578.67 1 233.203 -118.548 2601.81 1 438.899 -121.493 2550.9 1 252.914 -577.02 2617.2 1 283.202 -1010.15 2696.79 1 459.255 -579.39 2578.12 1 343.772 339.079 2580.99 1 434.49 -1015.85 2639.47 1
346.773 564.578 2577.69 1 162.533 342.347 2624.16 1 87.9931 9.39814 2649.8 1 524.355 337.834 2537.81 1 606.075 13.0112 2522.54 1 53.2657 -305.321 2559.43 1 637.336 -285.027 2427.45 1 339.927 110.538 2578.24 1 233.348 -117.729 2600.1 1 439.472 -120.3 2550.91 1 252.917 -576.212 2615.98 1 277.553 -1009.98 2694.16 1 457.845 -578.307 2577.94 1 343.444 340.09 2580.99 1 435 -1014.57 2641.61 1
344.919 563.673 2580.17 1 160.925 341.376 2627.45 1 84.9917 8.20413 2649.91 1 521.586 336.678 2536.46 1 605.532 14.0005 2520.77 1 53.1728 -305.491 2560.65 1 636.876 -284.705 2425.52 1 337.349 109.494 2578.33 1 230.708 -118.701 2600.61 1 436.178 -121.377 2548.77 1 249.999 -577.198 2616.73 1 274.367 -1010.75 2696.43 1 454.44 -579.167 2579.33 1 341.255 339.027 2581.96 1 428.846 -1015.69 2640.17 1
344.641 562.646 2578.4 1 160.556 340.813 2628.32 1 83.501 6.10218 2647.45 1 520.802 335.342 2535.68 1 604.268 13.5001 2522.37 1 53.2206 -305.577 2561.26 1 637.544 -284.947 2427.72 1 336.562 108.534 2579.55 1 229.838 -119.452 2603.48 1 435.052 -122.568 2550.71 1 253.104 -577.575 2623.64 1 274.382 -1011.61 2701.64 1 456.881 -580.061 2583.23 1 340.679 338.077 2582 1 429.957 -1016.51 2644.19 1
346.565 564.846 2578.53 1 162.351 342.8 2626.13 1 86.75 3.54995 2647.22 1 523.34 337.526 2536.41 1 604.136 14.251 2520.69 1 53.0741 -305.42 2558.66 1 637.079 -284.623 2425.68 1 338.821 110.618 2578.57 1 231.975 -117.425 2601.42 1 437.62 -120.429 2550.31 1 256.546 -575.564 2619.95 1 274.453 -1010.98 2690.36 1 459.704 -578.18 2578.72 1 342.846 340.163 2581.27 1 436.514 -1013.95 2645.49 1
346.986 566.603 2578.09 1 162.766 344.177 2627.04 1 83.3684 2.76874 2650.11 1 523.504 340.419 2536.22 1 603.56 13.632 2519.84 1 53.0636 -305.769 2560.22 1 635.963 -284.32 2422.11 1 340.118 112.736 2579.14 1 234.352 -115.755 2602.53 1 439.851 -117.896 2550.79 1 257.029 -573.832 2624.57 1 274.353 -1009.88 2691.35 1 459.124 -575.834 2578.34 1 343.135 342.298 2581.63 1 437.083 -1011.71 2645.01 1
348.45 566.855 2578.38 1 164.026 344.675 2627.45 1 86.6948 2.38264 2649.1 1 524.663 340.936 2536.19 1 604.772 13.8173 2518.9 1 53.1887 -305.766 2561.08 1 634.505 -283.495 2415.33 1 341.318 113.243 2579.26 1 235.571 -115.255 2602.7 1 441.011 -117.384 2550.71 1 255.098 -573.647 2620.45 1 276.208 -1007.48 2698.66 1 459.349 -575.035 2583.05 1 344.345 342.806 2581.82 1 433.754 -1012.33 2636.62 1
348.19 564.707 2577.52 1 164.191 342.489 2625.97 1 83.8457 4.68904 2644.05 1 525.179 339.003 2536.09 1 604.888 14.4106 2517.46 1 53.1335 -305.814 2561.47 1 631.628 -285.411 2418.49 1 341.711 111.188 2577.99 1 235.915 -117.377 2600.55 1 441.559 -119.363 2549.35 1 253.582 -575.873 2618.05 1 277.596 -1009.42 2697.52 1 458.245 -577.334 2577.82 1 344.685 340.746 2581.03 1 433.775 -1013.9 2637.96 1
348.239 563.355 2577.07 1 165.043 341.527 2626.24 1 81.919 2.34284 2647.02 1 525.986 338.374 2536.15 1 604.94 14.2072 2518.22 1 53.0747 -305.571 2558.77 1 628.996 -285.925 2416.19 1 343.007 110.378 2579.19 1 237.69 -118.297 2602.84 1 443.308 -120.093 2551.52 1 254.466 -576.704 2623.36 1 280.744 -1011.08 2697.52 1 457.326 -578.275 2578.1 1 345.514 339.95 2581.2 1 435.131 -1014.41 2642.52 1
348.291 562.336 2576.86 1 164.341 340.977 2626.48 1 81.4687 1.67787 2647.01 1 525.006 336.318 2535.36 1 603.977 13.0967 2518.61 1 53.1881 -305.76 2560.28 1 627.565 -286.368 2414.91 1 341.166 109.09 2578.77 1 234.927 -119.141 2602.58 1 440.39 -121.795 2550.67 1 249.425 -577.616 2623.47 1 280.152 -1011.12 2701 1 453.663 -580.015 2577.25 1 344.673 338.647 2580.92 1 431.189 -1016.26 2641.19 1
349.869 564.833 2576.76 1 164.008 345.829 2627.88 1 85.2396 0.840927 2648.01 1 524.068 336.716 2534.84 1 602.993 10.5458 2519.31 1 53.2382 -305.862 2561.07 1 626.162 -286.216 2411.34 1 337.862 111.78 2579.94 1 229.12 -115.116 2605.02 1 434.252 -120.308 2552.01 1 248.044 -573.442 2625.35 1 272.187 -1006.94 2705.14 1 450.585 -578.195 2582.11 1 344.038 341.273 2581.36 1 427.235 -1015.31 2639.3 1
346.148 562.951 2577.21 1 161.798 343.138 2627.16 1 88.1114 2.41405 2649.01 1 522.102 335.96 2534.85 1 603.99 11.2795 2517.16 1 53.0911 -306.11 2564.29 1 626.538 -286.961 2413.74 1 336.944 110.024 2579.31 1 229.313 -117.457 2603.91 1 434.562 -121.546 2551.33 1 252.777 -575.718 2619.87 1 280.44 -1009.11 2699.29 1 460.215 -579.046 2579.48 1 341.95 339.549 2581 1 432.093 -1015.71 2638.03 1
346.904 564.095 2568.93 1 162.616 344.31 2623.72 1 90.5511 3.71287 2646.51 1 523.196 335.359 2532.64 1 602.986 11.1341 2517.57 1 53.0716 -305.88 2563.11 1 630.787 -286.101 2417.23 1 337.763 110.343 2580.37 1 229.915 -116.599 2608.51 1 435.325 -121.698 2556.62 1 254.193 -574.738 2627.14 1 277.498 -1008.84 2704.01 1 460.774 -579.135 2586.77 1 342.906 339.835 2578.18 1 431.867 -1015.88 2644.61 1
346.928 561.131 2563.78 1 162.189 341.933 2619.87 1 87.2676 4.36343 2649.75 1 523.542 332.152 2532.02 1 603.985 12.0602 2514.28 1 53.0355 -305.839 2562.5 1 629.246 -286.22 2416.84 1 337.633 107.566 2579.97 1 229.472 -119.125 2609.02 1 435.329 -124.697 2558.97 1 252.933 -577.333 2627.43 1 278.141 -1012.45 2697.55 1 458.108 -582.776 2576.89 1 342.865 337.043 2575.94 1 430.83 -1017.25 2649.09 1
346.345 558.395 2562.22 1 162.267 339.64 2620.57 1 89.1382 4.68178 2649.88 1 523.035 329.257 2530.39 1 602.994 11.5298 2515.63 1 53.1309 -305.877 2562.17 1 631.521 -285.427 2416.66 1 337.192 104.974 2580.06 1 228.974 -121.542 2610.33 1 434.492 -127.457 2558.96 1 251.142 -579.903 2626.45 1 279.681 -1014.45 2698.94 1 455.425 -585.77 2575.55 1 342.651 334.448 2575.48 1 432.1 -1020.13 2650.38 1
346.632 561.509 2570.43 1 163.421 341.017 2625.19 1 86.5595 4.34853 2651.95 1 523.627 334.273 2532.52 1 604.48 12.2576 2516.3 1 53.0746 -305.797 2562.02 1 633.232 -285.062 2417.84 1 339.479 108.124 2579.84 1 232.83 -119.477 2607.21 1 438.039 -123.319 2554.42 1 256.225 -577.9 2618.72 1 282.525 -1011.94 2695.03 1 459.436 -581.638 2571.67 1 343.524 337.645 2578.86 1 436.589 -1016.62 2643.36 1
347.57 560.415 2574.04 1 164.378 338.44 2625.29 1 88.2817 5.1713 2649.48 1 524.773 333.616 2533.18 1 603.74 11.1315 2517.65 1 53.1328 -305.773 2561.94 1 630.1 -285.514 2416.84 1 341.144 106.492 2577.83 1 235.062 -121.669 2602.66 1 440.362 -124.417 2550.19 1 254.92 -580.149 2617.64 1 281.408 -1013.89 2695.69 1 458.974 -582.466 2575.03 1 344.575 336.028 2579.23 1 435.324 -1018.49 2639.71 1
346.831 561.361 2576.36 1 163.412 338.925 2626.92 1 84.64 3.58206 2651.76 1 523.641 334.544 2534.11 1 604.366 11.5692 2517.33 1 53.0958 -305.747 2561.92 1 631.89 -285.046 2416.65 1 340.207 107.186 2578.47 1 234.285 -121.114 2602.86 1 439.492 -123.61 2549.98 1 252.494 -579.422 2623.56 1 275.356 -1014.99 2691.18 1 455.512 -581.779 2575.17 1 343.526 336.734 2580.51 1 434.291 -1016.92 2646.32 1
346.872 561.152 2577.01 1 163.511 339.841 2626.82 1 82.827 2.29537 2651.39 1 523.665 334.473 2533.75 1 603.19 11.7797 2517.17 1 53.1947 -305.824 2561.89 1 633.814 -284.648 2419.2 1 339.467 107.623 2577.58 1 232.762 -120.383 2601.38 1 437.929 -123.441 2548.36 1 250.506 -578.525 2626.07 1 275.7 -1015.49 2682.41 1 455.49 -581.21 2579.06 1 343.588 337.157 2580.28 1 432.111 -1018.36 2633.65 1
344.016 569.062 2578.86 1 160.623 346.297 2628.51 1 86.3937 2.12594 2649.72 1 520.803 341.235 2535.5 1 603.078 12.9112 2514.63 1 53.2176 -305.909 2561.89 1 634.481 -284.438 2419.27 1 336.723 114.227 2579.04 1 230.141 -113.87 2602.57 1 435.323 -116.754 2549.59 1 250.112 -571.944 2627.17 1 275.451 -1008.08 2690.04 1 455.2 -574.247 2583.13 1 340.713 343.766 2582 1 428.615 -1011.98 2632.45 1
343.12 571.862 2579.26 1 159.652 348.377 2630.4 1 88.1984 3.06224 2651.37 1 519.334 343.437 2535.49 1 602.536 12.9563 2515.3 1 53.2752 -306.184 2563.38 1 634.415 -284.252 2418.08 1 335.58 116.363 2580.06 1 229.215 -111.774 2604.21 1 434.117 -114.588 2550.14 1 251.142 -569.986 2623.71 1 277.967 -1004.95 2693.81 1 457.827 -571.872 2584.13 1 339.493 345.907 2582.95 1 429.022 -1009.68 2632.49 1
345.042 570.124 2578.95 1 161.31 347.014 2629.44 1 89.5928 4.52768 2651.68 1 521.373 342.605 2535.96 1 602.266 12.9815 2515.66 1 53.1622 -305.932 2562.62 1 634.083 -284.026 2416.4 1 337.76 115.26 2579.73 1 231.619 -113.034 2603.38 1 436.737 -115.545 2550.13 1 254.956 -571.227 2622.17 1 281.126 -1007.12 2686.72 1 462.6 -572.477 2587.21 1 341.341 344.81 2582.7 1 430.61 -1010.83 2627.88 1
342.482 570.161 2580.8 1 159.44 347.404 2631.18 1 92.795 7.76017 2650.35 1 519.21 343.363 2536.56 1 601.126 12.4944 2514.32 1 53.1237 -305.84 2562.26 1 631.22 -284.896 2418.3 1 335.964 115.83 2580.89 1 230.127 -112.573 2604.87 1 435.078 -114.875 2550.96 1 249.812 -570.974 2622.67 1 278.719 -1004.93 2697.72 1 455.56 -572.513 2581.27 1 339.325 345.384 2583.87 1 427.548 -1009.73 2634.02 1
341.406 568.271 2583.23 1 159.256 343.885 2631.86 1 90.3943 9.87553 2653.68 1 519.097 342.914 2537.47 1 601.558 10.7515 2515.66 1 53.0388 -305.711 2562.08 1 628.63 -285.026 2415.31 1 337.413 113.859 2580.31 1 233.15 -115.404 2602.83 1 438.147 -115.958 2549.06 1 255.155 -573.862 2614.67 1 280.502 -1006.56 2697.84 1 460.607 -573.59 2578.73 1 339.176 343.4 2584.67 1 432.618 -1011.2 2629.24 1
343.378 566.159 2581.94 1 161.091 341.925 2629.43 1 85.6976 8.44087 2654.33 1 521.397 340.304 2536.82 1 601.784 10.3725 2516.84 1 53.0783 -305.692 2561.96 1 627.189 -285.246 2413.69 1 339.145 111.568 2578.97 1 234.418 -117.516 2601.2 1 439.674 -118.439 2548.45 1 251.981 -575.676 2623.34 1 281.191 -1010.81 2689.42 1 457.793 -576.341 2576.99 1 341.244 341.115 2583.12 1 431.71 -1012.92 2636.4 1
342.865 568.314 2580.29 1 160.448 344.361 2630.17 1 83.355 6.72322 2655.16 1 520.431 341.794 2536.33 1 601.895 10.1835 2517.91 1 53.2559 -305.404 2560.5 1 631.049 -285.278 2416.11 1 337.957 113.52 2580.01 1 232.939 -115.306 2603.49 1 438.01 -116.769 2550.03 1 251.635 -573.373 2628.06 1 273.329 -1009.33 2692.63 1 454.337 -574.594 2581 1 340.44 343.077 2583.25 1 431.327 -1011.1 2642.66 1
342.067 565.804 2578.96 1 159.881 342.307 2630.18 1 82.1719 6.36059 2654.57 1 519.922 339.899 2536.53 1 603.443 12.093 2517.94 1 56.3197 -304.548 2560.85 1 630.184 -286.087 2419.65 1 337.711 111.532 2580.84 1 232.97 -117.352 2605 1 438.073 -118.724 2551.65 1 251.186 -575.753 2622.52 1 281.545 -1011.01 2688.66 1 458.045 -576.425 2582.39 1 339.901 341.103 2583.36 1 429.95 -1013.52 2637.08 1
341.216 564.18 2578.3 1 159.494 340.711 2629.75 1 82.0584 4.66063 2654.78 1 519.556 339.011 2536.16 1 602.695 12.5667 2517.97 1 54.9121 -304.615 2559.98 1 629.444 -286.573 2420.68 1 337.817 110.284 2580.55 1 233.55 -118.81 2604.8 1 438.666 -119.778 2551.49 1 253.024 -577.229 2621.72 1 279.46 -1012.3 2691.27 1 457.416 -577.802 2577.71 1 339.525 339.861 2582.96 1 431.638 -1013.95 2640.41 1
341.869 563.946 2577.97 1 159.969 340.837 2628.73 1 81.5259 2.83111 2654.88 1 520.514 339.115 2537.04 1 603.847 12.7823 2518.49 1 54.073 -305.148 2560.91 1 631.603 -285.204 2417.09 1 338.631 110.394 2580.87 1 234.323 -118.698 2604.96 1 439.718 -119.679 2552.73 1 250.986 -577.179 2623.55 1 284.858 -1010.95 2697.74 1 455.362 -577.95 2576.63 1 340.241 339.976 2582.89 1 435.639 -1014.03 2642.16 1
341.734 563.962 2577.81 1 159.981 339.961 2627.94 1 78.7532 3.40882 2653.93 1 520.808 339.236 2537.35 1 608.418 12.8979 2519.25 1 53.7253 -305.184 2559.96 1 630.019 -285.948 2418.95 1 339.391 110.014 2580.48 1 235.61 -119.364 2604.13 1 441.164 -119.777 2552.52 1 252.959 -577.935 2619.89 1 283.043 -1010.96 2699.99 1 456.82 -578.005 2577.54 1 340.394 339.599 2582.64 1 433.38 -1013.94 2643.08 1
341.698 564.274 2577.23 1 160.239 340.239 2628.5 1 79.3731 2.69941 2652.98 1 520.826 339.867 2536.95 1 605.699 11.9538 2521.11 1 53.617 -305.255 2559.47 1 631.898 -285.341 2417.77 1 339.785 110.465 2580.72 1 236.33 -119.016 2604.78 1 441.746 -119.228 2552.63 1 252.349 -577.688 2619.25 1 281.946 -1010.84 2699.21 1 458.143 -577.492 2576.65 1 340.532 340.053 2582.73 1 428.4 -1012.8 2643.71 1
344.701 565.479 2579.94 1 162.104 343.017 2630.64 1 80.1902 1.35446 2654.99 1 522.414 340.365 2538.06 1 603.353 11.472 2518.56 1 53.6622 -305.564 2560.66 1 632.137 -284.327 2412.91 1 339.841 112.131 2581.52 1 234.793 -116.674 2605.05 1 440.055 -118.185 2552.31 1 251.834 -575.074 2625.1 1 275.03 -1010.83 2690.12 1 454.613 -576.503 2576.53 1 342.259 341.691 2584.35 1 426.822 -1012.7 2638.53 1
342.512 565.455 2578.29 1 160.281 342.215 2630.33 1 80.0907 1.67717 2653.49 1 520.72 339.956 2538.23 1 602.673 10.7361 2517.28 1 53.4461 -305.583 2562.59 1 632.792 -284.424 2413.27 1 338.719 111.507 2582.93 1 234.272 -117.428 2607.82 1 439.602 -118.714 2555.36 1 250.754 -575.618 2632.53 1 278.942 -1012.22 2690.05 1 457.031 -576.768 2582.29 1 340.5 341.085 2584.28 1 429.963 -1013.09 2644.03 1
341.619 564.968 2577.46 1 159.731 340.642 2629.6 1 77.0398 2.33841 2652.23 1 520.454 338.44 2538.61 1 604.336 11.8682 2517.14 1 53.3564 -305.585 2562.23 1 633.001 -284.377 2413.44 1 338.428 109.956 2583.06 1 234.016 -119.002 2607.94 1 439.51 -120.256 2556.1 1 250.19 -577.475 2626.49 1 278.942 -1013.45 2689.02 1 457.305 -578.588 2576.8 1 340.092 339.541 2584.11 1 429.077 -1014.58 2640.4 1
341.666 568.309 2578.1 1 159.626 343.964 2630.34 1 76.0438 2.68228 2655.14 1 520.393 341.603 2539.53 1 605.199 11.92 2518.63 1 53.5519 -306.018 2563.52 1 629.151 -285.238 2411.16 1 338.184 113.199 2583.65 1 233.6 -115.714 2608.24 1 439.119 -117.059 2556.51 1 251.541 -574.26 2623.49 1 273.431 -1008.55 2698.3 1 452.599 -575.675 2573.73 1 340.009 342.784 2584.93 1 434.874 -1011.28 2642.59 1
342.501 565.917 2577.86 1 160.569 342.286 2630.96 1 75.0229 4.84238 2653.06 1 521.205 339.584 2539.63 1 603.599 11.9589 2519.8 1 53.492 -305.964 2562.67 1 627.796 -286.178 2412.18 1 339.111 111.347 2585.07 1 234.612 -117.471 2610.87 1 440.056 -119.011 2558.84 1 251.736 -576.172 2621.98 1 276.393 -1009.76 2700.63 1 454.534 -577.741 2572.06 1 340.887 340.935 2585.3 1 435.804 -1011.83 2649.62 1
341.236 563.741 2579.76 1 159.238 340.389 2633.03 1 75.0124 5.92403 2655.54 1 519.243 337.081 2539.29 1 602.798 10.9764 2520.9 1 53.5192 -305.648 2560.84 1 629.902 -285.555 2411.34 1 336.92 109.153 2585.35 1 232.055 -119.487 2611.24 1 437.144 -121.371 2557.84 1 249.627 -578.243 2619.47 1 274.304 -1011.09 2702.5 1 452.952 -579.897 2575.75 1 339.241 338.735 2586.16 1 429.989 -1015.58 2641.94 1
340.554 563.587 2579.19 1 158.572 340.848 2632.99 1 77.5106 4.96993 2655.25 1 518.711 336.838 2539.78 1 602.406 9.4801 2521.44 1 53.465 -305.758 2561.3 1 627.203 -285.54 2408.46 1 336.043 109.262 2586.22 1 230.864 -119.177 2612.6 1 436.024 -121.461 2559.5 1 251.099 -577.83 2620.94 1 277.375 -1011.12 2701.35 1 453.511 -579.898 2578.6 1 338.641 338.843 2586.38 1 435.855 -1015.36 2648.33 1
340.341 563.861 2577.9 1 158.509 341.452 2632.72 1 76.7604 5.49023 2654.11 1 518.543 336.92 2539.12 1 602.205 9.23445 2520.7 1 53.5862 -305.786 2561.57 1 625.836 -285.723 2407.69 1 335.772 109.607 2586.45 1 230.469 -118.681 2613.63 1 435.569 -121.263 2560.31 1 253.118 -577.231 2621.65 1 273.532 -1012.13 2694.29 1 453.548 -579.616 2581.14 1 338.526 339.186 2585.92 1 436.637 -1015.87 2646.32 1
340.304 565.851 2577.76 1 158.16 344.126 2632.81 1 75.8824 5.74849 2654.55 1 518.145 339.125 2539.04 1 601.604 9.61342 2519.84 1 53.5519 -305.534 2560.28 1 625.198 -286.062 2407.71 1 335.311 112.051 2587.26 1 229.932 -116.099 2615.3 1 435.005 -118.948 2561.88 1 251.563 -574.656 2625.58 1 275.105 -1010.71 2689.69 1 453.331 -577.295 2582.75 1 338.153 341.626 2585.93 1 436.821 -1014.15 2644.23 1
339.762 565.318 2578.21 1 157.494 343.994 2633.33 1 78.4584 5.38494 2654.79 1 517.304 338.305 2538.93 1 601.314 9.79558 2519.91 1 53.4059 -305.899 2563.92 1 628.643 -285.399 2409.43 1 334.093 111.58 2587.36 1 228.299 -116.369 2615.48 1 433.273 -119.61 2561.7 1 249.164 -575.025 2621.53 1 274.13 -1010.29 2690.63 1 452.112 -578.173 2573.64 1 337.399 341.15 2586.13 1 432.797 -1013.51 2643.95 1
340.704 567.695 2578.43 1 158.11 346.924 2632.59 1 77.2293 5.69365 2654.89 1 518.487 340.699 2540.44 1 601.16 9.39636 2520.96 1 53.349 -305.8 2562.91 1 626.811 -285.528 2409.77 1 334.661 114.247 2587.8 1 228.373 -113.545 2615.33 1 433.673 -117.091 2562.83 1 251.506 -572.113 2620.11 1 281.926 -1005.64 2697.15 1 455.12 -575.541 2576.07 1 338.298 343.812 2586.52 1 436.022 -1011.12 2645.32 1
340.108 563.544 2577.54 1 157.273 342.707 2632.22 1 76.1434 7.36719 2654.95 1 517.579 335.915 2539.82 1 603.603 12.1768 2520.97 1 53.4604 -306.411 2565.25 1 629.806 -284.918 2411.63 1 333.437 109.752 2587.34 1 226.821 -117.873 2614.98 1 432.075 -121.742 2562.34 1 249.853 -576.462 2619.24 1 275.877 -1009.34 2701.54 1 453.024 -580.314 2572.24 1 337.426 339.311 2586.02 1 434.525 -1015.4 2644.86 1
338.249 560.81 2579.6 1 156.347 338.625 2632.55 1 75.071 8.18005 2653.98 1 516.82 334.15 2540.68 1 604.8 14.0921 2520.99 1 53.446 -306.157 2563.56 1 631.097 -284.177 2411.37 1 333.641 106.817 2586.25 1 228.021 -121.479 2612.06 1 433.376 -124.028 2559.72 1 252.513 -579.984 2617.28 1 278.823 -1013.77 2694.79 1 454.034 -582.53 2573.17 1 336.584 336.388 2586.61 1 438.448 -1018.49 2640.97 1
339.514 560.51 2578.11 1 157.335 338.404 2632.01 1 74.535 8.09484 2654.47 1 517.987 333.596 2540.85 1 602.904 13.041 2519.49 1 53.5601 -306.301 2564.12 1 631.739 -284.106 2411.46 1 334.637 106.427 2586.57 1 228.886 -121.777 2612.68 1 434.338 -124.516 2560.75 1 251.543 -580.139 2626.07 1 279.502 -1015.58 2692.34 1 453.837 -582.911 2578.64 1 337.661 336 2586.43 1 438.429 -1019.32 2643.66 1
339.45 561.434 2577.87 1 157.018 339.062 2632.76 1 74.2679 8.0494 2656.22 1 517.621 333.908 2541.41 1 602.951 11.5182 2519.23 1 53.6378 -306.392 2564.43 1 633.086 -284.4 2414.11 1 334.32 106.913 2588.2 1 228.609 -121.191 2615.33 1 434.033 -124.127 2563.29 1 252.463 -579.546 2628.16 1 276.107 -1013.87 2702.83 1 451.257 -582.747 2577.2 1 337.319 336.485 2587.08 1 433.987 -1018.45 2646.32 1
340.437 563.24 2577.76 1 157.733 340.441 2631.25 1 74.133 8.52384 2657.11 1 519.024 335.443 2542.69 1 602.978 9.75982 2521.12 1 53.7341 -306.097 2563.13 1 634.114 -284.384 2417.19 1 335.433 108.366 2587.91 1 229.576 -119.786 2614.07 1 435.4 -122.633 2563.62 1 249.151 -578.382 2625.41 1 279.641 -1013.92 2689.29 1 456.439 -581.062 2578.66 1 338.379 337.942 2586.97 1 435.665 -1017.55 2641.33 1
341.587 566.388 2586.21 1 158.813 343.329 2634.02 1 77.5779 7.75305 2656.06 1 520.58 339.592 2547.36 1 602.498 8.38849 2522.06 1 53.7465 -306.194 2563.94 1 634.779 -284.556 2418.81 1 336.614 111.936 2587.72 1 230.487 -116.524 2609.43 1 436.577 -118.653 2560.07 1 247.593 -575.302 2616.09 1 283.682 -1008.69 2690.58 1 456.336 -577.195 2573.85 1 339.696 341.46 2590.69 1 432.39 -1012.99 2640.22 1
340.694 566.664 2582.42 1 158.433 343.328 2633.35 1 76.789 8.3743 2657.03 1 519.997 339.986 2545.82 1 602.249 8.19645 2522.02 1 53.6549 -306.306 2564.37 1 634.46 -284.355 2418.31 1 336.738 112.099 2588.12 1 231.275 -116.506 2611.58 1 437.246 -118.41 2561.72 1 245.227 -575.24 2624.26 1 283.542 -1009.72 2691.47 1 457.396 -576.809 2579.13 1 339.215 341.657 2589.59 1 432.087 -1012.46 2646.14 1
341.393 567.982 2589.05 1 158.113 345.43 2638.23 1 75.8853 9.69743 2657.52 1 518.721 340.694 2546.97 1 602.615 7.58789 2522.52 1 53.5052 -305.961 2564.5 1 634.61 -284.126 2417.84 1 334.518 113.548 2589.1 1 227.9 -114.617 2611.6 1 433.339 -117.315 2559.62 1 242.084 -573.337 2625.73 1 278.665 -1008.38 2690.93 1 448.205 -576.025 2572.5 1 338.417 343.062 2592.6 1 429.804 -1011.73 2641.15 1
341.57 566.218 2592.35 1 158.124 344.024 2640.11 1 78.9432 8.85223 2656.27 1 518.292 338.592 2547.14 1 602.807 7.79007 2521.76 1 53.5171 -306.282 2567.58 1 634.448 -284.279 2418 1 333.548 111.82 2588.98 1 226.301 -116.121 2610.82 1 431.475 -119.215 2557.85 1 246.571 -574.52 2626.99 1 278.101 -1010.95 2684.96 1 452.126 -577.61 2573.33 1 338.208 341.308 2593.62 1 430.848 -1012.59 2645.7 1
341.018 568.356 2585 1 157.688 346.1 2638.52 1 77.4745 9.42427 2657.13 1 517.737 340.052 2545.1 1 601.905 8.8969 2518.38 1 53.3391 -306.102 2567.6 1 635.026 -284.328 2419.22 1 333.718 113.559 2591.27 1 227.17 -114.236 2617.35 1 432.276 -117.682 2564.13 1 249.383 -572.511 2635.14 1 285.195 -1009.17 2688.96 1 452.506 -576.059 2581.56 1 337.712 343.076 2591.81 1 432.068 -1011.41 2652.06 1
341.662 570.169 2589.83 1 158.69 347.178 2638.65 1 76.7467 10.704 2655.07 1 519.388 342.043 2547.72 1 601.961 8.45603 2518.19 1 53.4322 -306.305 2569.14 1 632.605 -285.806 2423.03 1 334.967 115.109 2589.99 1 228.153 -112.931 2612.7 1 433.636 -115.856 2560.9 1 244.251 -571.595 2624.42 1 293.118 -1006.31 2682.26 1 455.724 -574.326 2571.08 1 339.039 344.611 2593.19 1 428.761 -1009.45 2640.6 1
341.484 567.572 2584.23 1 159.275 344.959 2637.29 1 75.8766 11.3482 2655.03 1 519.718 340.062 2545.32 1 601.484 8.23162 2516.59 1 53.4216 -305.9 2566.96 1 630.445 -285.977 2421.73 1 336.319 112.974 2591.07 1 230.475 -115.168 2617.03 1 435.806 -117.958 2564.64 1 244.555 -573.89 2630.59 1 291.703 -1007.79 2696.04 1 456.515 -576.425 2578.38 1 339.497 342.51 2591.3 1 429.672 -1012.29 2643.18 1
341.353 565.577 2589.44 1 158.518 342.213 2637.05 1 74.9473 11.1664 2655.02 1 519.456 338.997 2546.98 1 602.249 6.12323 2519.8 1 53.5488 -305.981 2567.32 1 628.795 -285.855 2418.69 1 336.087 111.092 2588.59 1 230.377 -117.504 2610.82 1 435.996 -119.336 2559.51 1 243.603 -576.38 2617.49 1 287.245 -1009.24 2691.67 1 451.613 -578.078 2570.09 1 338.987 340.605 2592.02 1 431.715 -1014.07 2636.34 1
341.406 567.932 2592.06 1 158.347 344.43 2638.19 1 77.4759 7.5821 2655.02 1 519.345 341.307 2548.33 1 602.127 6.06204 2518.91 1 53.4854 -305.802 2564.61 1 628.806 -286.344 2420.85 1 335.755 113.357 2588.82 1 229.841 -115.265 2609.97 1 435.488 -117.044 2558.78 1 242.71 -574.151 2618.79 1 287.184 -1005.67 2700.19 1 450.918 -575.691 2573.57 1 338.846 342.868 2593.26 1 430.871 -1011.24 2642.88 1
341.077 568.911 2593.86 1 158.097 345.747 2638.85 1 77.2416 6.78943 2657.51 1 519.502 342.276 2550.66 1 602.069 5.53208 2518.96 1 53.5401 -306.137 2564.7 1 627.747 -286.017 2418.14 1 335.243 114.522 2589.21 1 228.745 -113.978 2608.79 1 434.628 -115.955 2558.55 1 247.294 -572.557 2621.29 1 280.011 -1006.59 2693.35 1 454.308 -574.293 2577.11 1 338.799 344.012 2594.76 1 430.845 -1010.34 2642 1
341.737 568.685 2594.76 1 158.22 345.558 2639.57 1 76.6218 7.89621 2657.76 1 519.061 341.984 2549.12 1 601.533 6.76419 2517.98 1 53.4368 -305.889 2564.64 1 631.709 -285.505 2420.48 1 334.845 114.292 2588.27 1 228.268 -114.168 2607.97 1 433.831 -116.205 2556.44 1 248.676 -572.639 2622.43 1 279.192 -1007.09 2693.99 1 450.333 -574.79 2571.99 1 338.641 343.771 2594.35 1 435.045 -1010.96 2638.2 1
340.902 566.052 2586.2 1 158.051 343.032 2638.31 1 75.8294 9.43457 2656.89 1 518.11 338.223 2544.89 1 601.782 6.89515 2520.48 1 53.5638 -306.093 2566.11 1 630.413 -285.936 2421.7 1 334.523 111.106 2589.7 1 228.405 -117.045 2614.41 1 433.526 -119.784 2561.19 1 248.582 -575.463 2631.21 1 278.217 -1010.87 2697.42 1 453.988 -578.029 2581.11 1 338.081 340.627 2591.6 1 434.27 -1014.14 2646.72 1
339.688 562.191 2581.92 1 157.353 339.49 2635.97 1 75.9119 10.2205 2657.44 1 517.704 333.972 2543.69 1 601.888 5.44433 2521.24 1 53.6236 -306.148 2566.9 1 628.397 -286.203 2417.83 1 333.976 107.188 2589.69 1 227.785 -120.784 2615.83 1 433.063 -123.927 2563.26 1 246.736 -579.42 2624.45 1 279.181 -1013.83 2695.84 1 451.248 -582.425 2579.48 1 337.528 336.731 2589.83 1 434.32 -1018.66 2645.24 1
338.722 562.338 2579.78 1 157.083 339.531 2634.78 1 78.4541 8.11273 2657.71 1 517.682 333.562 2543.48 1 602.443 4.71952 2523.11 1 53.5701 -306.348 2568.77 1 631.515 -285.391 2418.55 1 333.815 106.994 2590.05 1 227.537 -120.859 2616.97 1 432.957 -124.259 2564.96 1 245.449 -579.594 2624.81 1 281.442 -1012.24 2704.47 1 455.337 -582.42 2584.83 1 337.383 336.546 2589.13 1 433.46 -1019.24 2644.67 1
338.965 561.986 2578.7 1 157.237 339.533 2634.38 1 77.2204 8.55557 2657.83 1 517.94 333.661 2543.47 1 602.217 5.36036 2521.55 1 53.5531 -306.202 2568.23 1 633.583 -284.688 2420.37 1 334.268 107.038 2590.57 1 228.206 -120.849 2618.12 1 433.686 -124.194 2566.33 1 245.08 -579.633 2626.57 1 283.643 -1013.01 2701.12 1 453.989 -582.612 2582.31 1 337.589 336.597 2588.93 1 431.276 -1019.29 2643.23 1
339.84 566.643 2586.68 1 157.732 343.428 2637.6 1 76.1086 8.77953 2656.93 1 518.301 339.011 2546.09 1 602.104 3.17863 2521.77 1 53.466 -305.809 2566.46 1 630.106 -285.395 2417.31 1 334.722 111.685 2589.94 1 228.724 -116.592 2614.1 1 434.131 -119.108 2561.97 1 244.533 -575.465 2618.15 1 284.773 -1007.56 2699.02 1 451.468 -577.78 2573.28 1 338.016 341.22 2591.85 1 435.574 -1013.4 2642.57 1
339.153 565.562 2582.16 1 158.167 342.386 2635.47 1 75.548 9.39287 2654.96 1 519.066 338.535 2545.24 1 602.547 3.0861 2524.39 1 53.3723 -305.84 2567.03 1 628.828 -286.367 2418.74 1 336.288 110.905 2590.84 1 231.161 -117.554 2617.02 1 436.756 -119.748 2565.62 1 246.688 -576.389 2624.86 1 286.96 -1009.16 2702.2 1 457.801 -577.922 2585.26 1 338.617 340.46 2590.36 1 438.664 -1014.44 2647.85 1
339.394 564.678 2579.9 1 158.4 341.048 2634.48 1 74.7692 9.1953 2654.97 1 519.43 337.729 2544.74 1 602.27 4.54404 2520.69 1 53.501 -305.943 2565.94 1 631.967 -286.006 2420.72 1 337.167 109.819 2591.07 1 232.586 -118.805 2618.09 1 438.254 -120.695 2566.97 1 251.259 -577.528 2625.91 1 275.944 -1012.93 2691.93 1 454.475 -579.287 2580.04 1 338.915 339.389 2589.61 1 436.774 -1015.54 2645.24 1
338.971 561.547 2579.28 1 157.992 337.727 2632.88 1 77.8842 7.09609 2654.99 1 519.201 334.507 2543.86 1 602.139 3.77357 2518.86 1 53.6024 -306.656 2568.66 1 629.315 -285.999 2417.1 1 336.797 106.537 2589.37 1 232.112 -122.125 2615.72 1 437.882 -123.96 2565.01 1 247.639 -580.967 2623.69 1 277.755 -1016.69 2686.5 1 451.891 -582.756 2574.74 1 338.597 336.117 2588.37 1 435.461 -1018.22 2645.36 1
338.742 564.992 2578.96 1 157.706 341.689 2632.55 1 76.9395 6.55027 2656.48 1 519.218 338.163 2544.79 1 602.069 2.38428 2520.93 1 53.5768 -306.403 2566.76 1 628.384 -286.519 2417.33 1 336.666 110.348 2590.49 1 231.897 -118.226 2617.32 1 437.841 -120.234 2567.32 1 249.718 -576.99 2625.27 1 281.248 -1011.23 2697.26 1 454.52 -578.869 2580.71 1 338.462 339.926 2588.67 1 432.392 -1015.08 2644.55 1
339.147 565.098 2578.3 1 157.519 341.694 2631.95 1 75.969 7.77929 2655.71 1 519.2 338.022 2544.89 1 602.543 3.68773 2521.48 1 53.6128 -306.325 2565.75 1 628.02 -286.904 2418 1 336.493 110.278 2590.35 1 231.607 -118.255 2617.08 1 437.646 -120.348 2567.48 1 249.577 -577.012 2625.64 1 279.678 -1012.51 2690.69 1 454.272 -579.103 2576.42 1 338.359 339.858 2588.42 1 432.075 -1014.58 2645.26 1
340 566.23 2577.97 1 158.588 343.042 2633.66 1 77.9864 6.38948 2655.36 1 519.577 339.206 2543.81 1 602.271 4.84386 2520.23 1 53.6955 -306.071 2563.81 1 627.858 -286.995 2418.34 1 337.156 111.545 2590.8 1 232.404 -116.942 2618.45 1 438.055 -119.127 2567.27 1 249.71 -575.741 2626.24 1 283.563 -1011.02 2691.44 1 455.461 -577.848 2577.64 1 339.082 341.124 2588.74 1 431.891 -1014.1 2640.93 1
339.56 567.883 2578.31 1 157.551 345.026 2633.31 1 77.0012 7.20243 2655.17 1 518.723 340.7 2544.2 1 602.149 4.91397 2520.63 1 53.6388 -306.204 2564.28 1 626.324 -286.751 2413.52 1 335.879 113.285 2590.75 1 230.747 -115.061 2618.12 1 436.494 -117.525 2567.36 1 243.704 -573.996 2618.79 1 281.709 -1006.58 2697.15 1 453.499 -576.293 2576.85 1 338.137 342.863 2588.75 1 431.488 -1011.89 2645.13 1
340.726 568.482 2578.49 1 158.356 345.578 2632.6 1 79.0116 6.10871 2658.59 1 519.653 340.495 2544.03 1 602.088 5.94909 2519.33 1 53.5359 -306.043 2563.07 1 626.403 -287.196 2413.55 1 336.177 113.463 2589.95 1 230.439 -114.663 2616.82 1 436.259 -117.559 2566.37 1 243.929 -573.531 2623.63 1 282.794 -1007.66 2692.66 1 453.096 -576.37 2574.18 1 339.005 343.037 2588.31 1 434.201 -1010.93 2649.44 1
339.774 565.57 2578.56 1 157.856 343.125 2631.9 1 77.4999 7.55299 2656.78 1 519.405 338.205 2544.36 1 602.043 6.97588 2519.67 1 53.4105 -305.988 2562.43 1 629.971 -285.939 2413.53 1 335.961 111.091 2590.01 1 230.308 -117.082 2616.82 1 436.273 -119.885 2566.95 1 245.274 -575.802 2628.95 1 285.984 -1011.31 2687.3 1 453.979 -578.668 2574.78 1 338.631 340.665 2588.13 1 432.116 -1013.68 2646.72 1
340.246 564.452 2587.11 1 158.562 341.046 2634.81 1 79.2517 6.77597 2659.4 1 520.117 338.404 2547.21 1 602.019 8.48834 2517.83 1 53.5409 -306.147 2563.6 1 632.744 -285.689 2418.22 1 337.095 110.189 2588.66 1 231.864 -118.595 2611.27 1 437.835 -120.099 2561.36 1 249.139 -577.239 2624.29 1 280.873 -1013.83 2680.28 1 454.464 -578.876 2571.4 1 339.34 339.725 2591.01 1 436.467 -1014.9 2637.97 1
340.832 563.419 2583.37 1 159.187 339.786 2633.22 1 80.1261 6.38895 2660.19 1 520.708 336.736 2545.48 1 602.009 7.24312 2519.41 1 53.4782 -306.491 2567.1 1 629.535 -285.709 2415.73 1 337.763 108.699 2588.33 1 232.606 -119.995 2612.3 1 438.552 -121.732 2562.32 1 247.501 -578.727 2625.68 1 281.31 -1013.41 2693.58 1 455.582 -580.349 2577.03 1 339.948 338.261 2589.35 1 433.673 -1015.99 2645.13 1
342.01 561.734 2580.5 1 160.077 338.294 2633.34 1 80.5666 5.69433 2659.1 1 521.249 334.8 2544.19 1 604.005 8.62147 2518.69 1 53.5686 -305.99 2564.54 1 628.514 -286.532 2417.11 1 338.442 106.973 2588.77 1 233.346 -121.605 2614.16 1 439.097 -123.596 2563.38 1 246.816 -580.45 2625.19 1 287.094 -1014.44 2694.61 1 456.493 -582.2 2578.49 1 340.663 336.547 2588.77 1 429.234 -1017.42 2647.31 1
341.607 563.963 2588.08 1 160.509 339.415 2634.65 1 78.2902 5.84125 2658.56 1 522.031 339.117 2546.92 1 602.505 8.31645 2517.84 1 53.6573 -305.935 2563.22 1 628.236 -286.483 2418.66 1 340.327 109.722 2587.68 1 236.406 -119.737 2609.56 1 442.364 -119.907 2559.59 1 252.008 -578.579 2617.02 1 287.988 -1011.89 2692.91 1 458.576 -578.539 2575.33 1 341.27 339.266 2590.78 1 431.39 -1014.04 2642.58 1
341.004 565.258 2582.36 1 160.684 341.769 2634.01 1 79.1517 4.91438 2660.28 1 521.683 341.689 2544.14 1 602.259 8.16438 2519.42 1 53.5982 -306.456 2566.9 1 631.159 -285.733 2418.58 1 340.967 112.161 2588.41 1 237.926 -117.384 2613.34 1 443.575 -117.429 2562.15 1 251.162 -576.179 2625.64 1 283.149 -1010.67 2696.61 1 454.104 -576.167 2578.7 1 341.183 341.729 2589.07 1 435.465 -1011.3 2650.53 1
340.984 564.784 2579.5 1 160.457 340.368 2633.55 1 77.5814 5.95466 2659.14 1 520.868 339.758 2541.35 1 602.132 7.08449 2520.2 1 53.6103 -306.273 2565.89 1 628.293 -285.861 2413.87 1 340.445 110.484 2588.12 1 237.569 -118.921 2615.05 1 442.885 -119.268 2562.53 1 249.322 -577.76 2627.95 1 278.82 -1014.18 2686.15 1 451.085 -578.159 2575.95 1 340.662 340.063 2587.45 1 433.103 -1014.13 2642.87 1
342.108 565.654 2578.57 1 160.985 342.404 2633.34 1 79.2969 4.98443 2660.56 1 521.582 340.18 2541.88 1 601.573 7.03478 2517.59 1 53.6373 -306.249 2565.33 1 626.328 -286.132 2409.41 1 340.207 111.712 2588.94 1 236.42 -117.235 2616.33 1 441.84 -118.501 2564.23 1 243.275 -576.231 2625.84 1 282.01 -1010.11 2695.57 1 451.739 -577.294 2579.99 1 341.284 341.292 2587.61 1 431.439 -1014.11 2640.34 1
341.316 567.405 2578.61 1 160.368 343.919 2632.79 1 81.1525 7.99486 2659.28 1 521.25 341.311 2542.46 1 602.295 8.01454 2519.81 1 57.637 -302.367 2566.16 1 629.183 -285.582 2411.97 1 339.39 113.029 2588.58 1 235.179 -115.813 2615.27 1 440.762 -117.299 2563.81 1 243.29 -574.786 2625.93 1 285.326 -1009.73 2687.28 1 454.498 -576.085 2576.05 1 340.809 342.615 2587.63 1 426.259 -1011.98 2639.55 1
340.813 567.85 2577.62 1 159.461 344.547 2632.18 1 81.5734 8.99867 2657.12 1 520.435 341.79 2542.21 1 601.646 9.0057 2518.4 1 59.4604 -298.87 2564.75 1 631.907 -285.114 2415.93 1 338.677 113.587 2589.12 1 234.587 -115.209 2616.68 1 440.222 -116.78 2565.43 1 243.526 -574.211 2625.81 1 287.943 -1008.04 2693.66 1 454.22 -575.488 2580.44 1 339.948 343.169 2587.19 1 431.739 -1011.64 2644.67 1
342.238 566.049 2578.14 1 161.038 342.266 2632.32 1 81.2803 4.99146 2657.58 1 521.829 340.243 2541.59 1 601.812 9.01076 2517.7 1 56.6947 -301.161 2565.01 1 632.317 -284.5 2414.23 1 340.525 111.666 2588.46 1 236.85 -117.346 2615.81 1 442.382 -118.498 2564.12 1 246.798 -576.38 2620.37 1 286.516 -1009.72 2694.16 1 457.981 -577.194 2578.26 1 341.434 341.255 2586.95 1 432.97 -1013.53 2640.55 1
340.568 565.813 2580.4 1 159.518 343.143 2632.85 1 79.6435 0.997108 2661.3 1 520.273 340.694 2541.98 1 601.409 7.0038 2518.36 1 55.0895 -302.848 2562.11 1 629.15 -285.217 2412.88 1 338.392 112.331 2587.63 1 234.132 -116.559 2613.73 1 439.644 -117.954 2561.97 1 244.225 -575.507 2623.16 1 279.187 -1010.79 2686.84 1 453.256 -576.493 2581.41 1 339.895 341.918 2587.42 1 427.792 -1013.78 2636.23 1
343.474 566.757 2582.03 1 160.174 345.585 2634.49 1 80.8237 4.00396 2661.15 1 520.408 339.673 2541.81 1 603.208 6.99623 2517.69 1 58.4554 -300.847 2564.51 1 627.306 -286.044 2410.75 1 336.413 113.08 2587.72 1 229.921 -114.786 2613.68 1 435.148 -118.153 2560.89 1 245.896 -573.509 2624.76 1 275.221 -1008.41 2694.01 1 454.313 -576.408 2581.96 1 340.291 342.629 2588.15 1 422.745 -1013.64 2633.85 1
342.806 566.62 2581.34 1 159.125 346.045 2633.95 1 81.9191 7.00839 2659.57 1 519.529 338.451 2542.03 1 603.112 5.99118 2520.34 1 59.7137 -298.001 2561.88 1 625.931 -286.273 2408.37 1 334.437 112.712 2587.78 1 226.893 -114.661 2613.75 1 432.202 -118.987 2561.39 1 249.205 -573.065 2626.36 1 269.98 -1008.83 2693.19 1 455.21 -577.016 2583.72 1 339.327 342.248 2587.99 1 424.802 -1014.05 2638.25 1
345.167 568.067 2580.99 1 160.819 348.197 2634 1 82.4737 8.01359 2658.79 1 521.042 339.391 2541.47 1 602.067 8.98543 2518.67 1 60.3061 -296.392 2560.62 1 629.21 -285.296 2409.77 1 335.236 114.273 2587.41 1 226.938 -112.74 2613.44 1 432.145 -117.757 2560.73 1 251.414 -571.073 2625.84 1 275.374 -1006.89 2691.83 1 457.574 -575.803 2580.03 1 340.931 343.794 2587.73 1 429.703 -1012.08 2641.35 1
343.894 566.488 2581.83 1 160.319 345.461 2633.59 1 82.7324 8.50204 2658.4 1 520.575 338.77 2541.01 1 601.528 8.99754 2516.34 1 60.5539 -295.699 2560.01 1 626.342 -285.123 2405.23 1 335.807 112.577 2585.83 1 228.553 -115.056 2610.74 1 433.782 -118.867 2558 1 253.225 -573.482 2617.91 1 278.694 -1007.3 2694.94 1 458.989 -576.858 2579.21 1 340.447 342.115 2587.3 1 433.212 -1013.62 2638.2 1
342.723 564.958 2579.73 1 159.905 343.582 2631.85 1 82.3596 8.2492 2658.19 1 520.298 337.433 2539.75 1 601.759 9.00067 2515.16 1 60.642 -295.669 2561.75 1 625.719 -285.914 2406.48 1 336.054 110.952 2585.29 1 229.355 -116.852 2611.01 1 434.658 -120.355 2558.55 1 251.673 -575.235 2624.44 1 279.653 -1010.35 2692.83 1 456.747 -578.372 2582.35 1 340.101 340.507 2585.8 1 434.151 -1015.26 2641.85 1
341.423 566.02 2579.69 1 159.099 344.248 2631.43 1 82.1634 8.11129 2659.6 1 519.527 339.315 2539.39 1 600.864 8.01393 2516.09 1 60.9442 -295.745 2564.76 1 625.149 -286.176 2406.26 1 335.995 112.213 2584.72 1 230.015 -115.951 2610.25 1 435.34 -118.761 2557.81 1 252.532 -574.402 2622.11 1 279.694 -1009.37 2692.31 1 455.899 -576.967 2579.4 1 339.313 341.782 2585.41 1 433.035 -1013.43 2641.89 1
343.263 568.029 2580.18 1 160.324 346.129 2631.99 1 82.6006 7.56486 2660.32 1 520.651 340.887 2539.56 1 601.944 10.497 2514.55 1 60.8407 -295.458 2564.25 1 628.131 -285.392 2406.5 1 336.914 113.942 2584.86 1 230.707 -114.132 2610.28 1 435.975 -117.118 2557.62 1 252.811 -572.635 2621.69 1 279.957 -1008.02 2689.55 1 457.861 -575.29 2578.81 1 340.488 343.508 2585.77 1 430.251 -1012 2637.33 1
342.352 572.583 2581.93 1 158.784 349.66 2632.96 1 82.3044 4.28385 2657.67 1 519.287 344.212 2541.23 1 602.48 10.2466 2515.79 1 57.2411 -299.086 2561.94 1 625.755 -285.37 2403.49 1 335.198 117.376 2585.64 1 228.676 -110.632 2610.33 1 434.045 -113.735 2558.07 1 251.355 -569.147 2620.32 1 271.969 -1004.88 2688.11 1 451.096 -572.177 2577.27 1 339.035 346.936 2587.09 1 433.273 -1008.05 2644.07 1
342.736 571.992 2580.29 1 159.12 349.133 2634.13 1 82.1566 6.14134 2656.34 1 518.295 342.617 2537.53 1 601.742 11.6235 2513.4 1 59.4375 -298.32 2562.42 1 624.953 -285.845 2404.33 1 334.256 116.324 2584.76 1 227.488 -111.37 2611.21 1 432.119 -115.082 2556.17 1 250.688 -569.845 2622.08 1 278.233 -1005.36 2688.67 1 453.223 -573.363 2575.2 1 338.708 345.875 2585.83 1 430.803 -1009.79 2637.23 1
345.345 570.637 2580.97 1 161.137 349.044 2633.99 1 82.5842 8.0746 2657.17 1 520.241 340.999 2537.18 1 601.377 12.8071 2510.7 1 60.3942 -296.883 2562.87 1 624.37 -285.499 2403.19 1 335.044 115.506 2583.72 1 227.117 -111.719 2609.42 1 431.68 -116.301 2554.27 1 252.457 -570.088 2619.91 1 277.2 -1005.34 2689.46 1 456.023 -574.315 2575.72 1 340.689 345.022 2585.59 1 429.625 -1010.94 2635.07 1
345.348 568.563 2580.31 1 163.884 343.621 2630.74 1 82.7889 9.53609 2654.09 1 523.305 342.558 2535 1 602.188 12.4048 2510.86 1 60.8223 -295.514 2560.71 1 623.96 -285.62 2402.66 1 342.284 113.551 2580.5 1 238.582 -115.684 2605.41 1 443.366 -116.29 2550.86 1 264.617 -573.896 2619.79 1 287.937 -1010.06 2683.9 1 466.315 -574.35 2573.17 1 343.594 343.09 2582.87 1 444.158 -1010.33 2638.62 1
344.28 570.946 2578.49 1 164.06 344.067 2628.67 1 84.8881 9.76969 2656.05 1 524.412 345.263 2536.45 1 600.59 12.2004 2509.94 1 60.7674 -294.899 2560.05 1 623.81 -285.918 2403.91 1 344.528 115.102 2580.73 1 242.183 -114.801 2605.16 1 447.458 -114.12 2552.62 1 256.934 -573.164 2624.75 1 281.376 -1009.44 2687.91 1 458.17 -572.291 2578.24 1 344.236 344.665 2582.56 1 438.326 -1008.32 2644.44 1
346.262 569.266 2579.08 1 165.637 343.503 2628.24 1 91.4435 12.3817 2655.03 1 526.28 345.136 2537.04 1 600.297 12.103 2511.48 1 60.6971 -294.524 2559.73 1 623.822 -285.741 2404.28 1 346.321 114.753 2579.96 1 243.968 -115.279 2603.26 1 449.4 -114.349 2551.31 1 248.247 -573.956 2619.22 1 292.968 -1007.21 2688.29 1 458.541 -572.801 2573.73 1 345.958 344.32 2582.64 1 429.85 -1007.75 2643.21 1
347.722 568.595 2578.36 1 166.568 343.37 2626.94 1 99.7205 13.6909 2656.51 1 527.637 344.933 2537.39 1 600.651 14.5512 2510.25 1 60.532 -294.198 2559.62 1 624.593 -286.024 2407.33 1 347.413 114.578 2579.41 1 244.882 -115.442 2602.16 1 450.566 -114.551 2551.15 1 250.47 -574.2 2618.51 1 287.619 -1007.08 2694.92 1 456.425 -572.871 2577.52 1 347.102 344.151 2582.16 1 431.398 -1009.14 2639.71 1
347.628 567.828 2577.5 1 167.432 342.994 2627.13 1 103.363 15.8454 2656.26 1 528.095 344.544 2535.93 1 601.323 15.7755 2512.62 1 60.3693 -294.188 2559.7 1 624.964 -285.806 2407.47 1 348.063 114.191 2578.81 1 245.635 -115.829 2602.08 1 451.091 -114.946 2550.12 1 251.372 -574.719 2615.88 1 283.698 -1006.78 2699.45 1 455.259 -573.354 2575.94 1 347.764 343.769 2581.53 1 433.239 -1010.09 2636.39 1
346.885 566.987 2578.08 1 165.622 342.893 2627.55 1 104.692 14.9297 2656.14 1 526.115 343.386 2535.64 1 600.67 15.8804 2512.81 1 60.2767 -293.902 2559.66 1 624.559 -285.314 2405.58 1 345.364 113.568 2578.38 1 242.18 -116.145 2601.35 1 447.54 -115.864 2549 1 248.413 -574.982 2617.39 1 277.638 -1007.83 2698.65 1 453.357 -574.056 2578.22 1 345.869 343.139 2581.59 1 429.461 -1010.68 2639.04 1
349.51 562.536 2568.36 1 167.007 339.253 2620.24 1 106.324 15.484 2657.07 1 528.717 337.036 2533.45 1 601.308 17.4212 2512.39 1 60.1916 -293.684 2559.65 1 624.903 -285.542 2407.58 1 346.529 108.581 2577.16 1 242.157 -120.352 2602.19 1 448.237 -121.615 2552.74 1 252.921 -579.112 2617.92 1 277.53 -1011.74 2702.07 1 458.354 -579.708 2582.32 1 347.862 338.145 2576.85 1 432.272 -1016 2644.7 1
351.029 561.106 2564.01 1 168.407 338.288 2620.55 1 104.175 16.2349 2655.04 1 529.054 334.213 2529.54 1 601.165 17.7174 2512.19 1 60.1827 -293.377 2562.54 1 624.349 -285.064 2404.89 1 346.695 106.696 2577.26 1 241.933 -121.698 2605.39 1 447.387 -124.019 2553.54 1 252.093 -580.583 2617.77 1 279.317 -1011.89 2707.73 1 459.518 -581.876 2585.97 1 348.73 336.251 2575.04 1 432.086 -1019.45 2636.74 1
351.486 560.978 2561.82 1 169.04 338.426 2617.34 1 104.584 20.1209 2656.51 1 530.37 333.795 2529.04 1 603.08 16.355 2512.6 1 56.5837 -284.307 2561.18 1 627.022 -284.023 2403.38 1 347.536 106.558 2576.35 1 242.451 -121.675 2604.66 1 448.281 -124.313 2554.36 1 251.538 -580.651 2607.14 1 278.562 -1010.16 2705.27 1 461.179 -581.965 2589.4 1 349.705 336.111 2573.19 1 434.441 -1020.66 2629.19 1
351.502 564.084 2562.24 1 170.183 340.303 2616.59 1 100.286 22.0554 2659.26 1 531.912 337.802 2529.8 1 609.036 17.1826 2509.31 1 44.7914 -277.724 2562.62 1 629.661 -281.244 2400.43 1 350.13 109.484 2575.99 1 246.181 -119.373 2603.5 1 452.243 -120.797 2554.06 1 249.581 -578.437 2601.76 1 278.846 -1008.63 2696.38 1 465.605 -577.798 2596.16 1 351.048 339.053 2573.2 1 437.42 -1017.29 2623.45 1
351.246 568.162 2561.44 1 171.087 343.711 2617.84 1 91.1412 22.0277 2660.63 1 531.776 342.059 2526.85 1 617.014 18.091 2501.65 1 30.6042 -273.623 2562.6 1 642.791 -278.716 2392.47 1 351.001 113.306 2574.81 1 247.83 -115.802 2603.19 1 453.311 -116.743 2551.35 1 239.663 -574.581 2594.3 1 275.056 -1003.65 2691.86 1 464.035 -574.124 2590.09 1 351.431 342.885 2572.35 1 433.429 -1013.24 2622.24 1
349.589 567.322 2551.04 1 169.61 343.97 2614.66 1 82.0882 25.0024 2663.82 1 529.675 340.374 2521.26 1 628.02 27.0566 2498.81 1 4.68198 -263.047 2563.4 1 658.839 -264.64 2384.5 1 349.149 112.725 2574.89 1 246.098 -115.697 2608.43 1 451.214 -117.746 2555.22 1 222.731 -573.54 2591.62 1 266.004 -1001.84 2689.28 1 457.79 -575.385 2591.81 1 349.643 342.172 2567.96 1 431.124 -1013.94 2633.37 1
348.18 566.572 2546.34 1 168.286 345.085 2612.41 1 69.0481 26.5003 2671.91 1 528.14 340.147 2518.21 1 638.012 35.0287 2493.4 1 -29.188 -245.35 2556.91 1 674.508 -252.454 2373.47 1 347.451 113.234 2574.43 1 244.193 -114.742 2610.37 1 449.185 -117.555 2556.71 1 209.872 -571.333 2582.74 1 248.872 -999.097 2684.53 1 452.567 -575.828 2583.18 1 348.213 342.616 2565.31 1 431.013 -1013.19 2637.27 1
346.415 565.088 2544.98 1 167.122 345.982 2611.32 1 52.0279 25.7566 2675.44 1 527.147 340.326 2517.78 1 653.013 47.0065 2488.19 1 -60.9854 -236.241 2551.2 1 704.659 -232.652 2360.22 1 346.068 113.784 2574.32 1 242.456 -113.975 2610.72 1 447.548 -117.197 2557.44 1 194.104 -569.432 2585.05 1 218.885 -1000.02 2677.75 1 449.303 -575.745 2579.94 1 347.134 343.154 2564.55 1 429.308 -1013.33 2634.12 1
306.855 557.514 2543.79 1 132.733 335.574 2613.09 1 6.55903 101.206 2674.9 1 491.586 336.595 2515.29 1 704.016 106.016 2464.09 1 -28.328 -182.827 2589.45 1 839.918 -78.9949 2301.14 1 315.838 106.846 2575.29 1 217.012 -122.684 2614.33 1 422.019 -122.101 2558.46 1 94.2967 -556.129 2619.06 1 15.2678 -972.34 2669.21 1 400.171 -579.678 2571.96 1 312.16 336.084 2564.19 1 406.068 -1016.25 2631.58 1
235.034 523.258 2552.98 0 53.9664 307.404 2614.07 1 -199.174 191.138 2673.37 1 413.276 299.888 2518.49 1 694.206 217.564 2451.8 1 -365.823 47.3883 2614.18 1 854.13 21.4711 2290.18 0 231.172 74.3544 2575.1 1 126.45 -152.798 2611.13 1 330.995 -157.077 2556.72 1 -19.6031 -533.985 2621.54 1 -135.994 -947.948 2667.85 1 332.775 -588.552 2573.63 1 233.621 303.646 2566.28 1 395.418 -1017.28 2633.27 1
143.594 530.029 2555.92 1 -33.0964 278.312 2609.32 1 -312.478 237.008 2683.31 1 330.818 277.745 2536.25 1 663.427 287.983 2472.82 1 -550.743 180.899 2609.08 1 874.931 208.928 2320.39 1 149.594 48.6044 2578.22 1 45.3999 -180.657 2604.71 1 255.253 -180.983 2562.57 1 -117.417 -572.627 2630.09 1 -247.098 -985.183 2657.16 1 284.457 -623.267 2585.17 1 148.861 278.029 2572.79 1 394.73 -1041.86 2643.22 1
92.7791 526.061 2548.83 1 -80.7472 287.02 2608.39 1 -387.819 266.569 2675.64 1 284.63 292.41 2541.41 1 621.654 311.433 2471.51 1 -667.641 249.937 2600.58 1 864.586 313.174 2335.18 1 107.769 60.8276 2588.27 1 8.99414 -169.603 2620.82 1 218.2 -166.517 2582.47 1 -149.816 -585.366 2658 1 -272.381 -971.98 2671.38 1 282.863 -616.961 2593.09 1 101.941 289.715 2574.9 1 409.667 -1029.14 2671.52 1
50.4756 528.52 2554.78 1 -120.897 294.533 2610.85 1 -431.921 267.8 2667.35 1 245.601 306.434 2550.33 1 596.819 310.705 2463.8 1 -734.358 273.095 2588.64 1 861.658 348.566 2344.09 1 72.1657 71.7108 2595.03 1 -22.6879 -160.461 2626.76 1 186.647 -153.663 2592.19 1 -177.986 -584.505 2660.5 1 -305.001 -985.352 2658.97 1 254.847 -603.911 2569.34 1 62.3518 300.484 2580.59 1 392.039 -1012.59 2656.01 1
21.7385 527.86 2548.24 1 -146.33 295.612 2608.79 1 -458.995 263.926 2659.17 1 220.785 313.044 2552.76 1 572.886 309.829 2463.96 1 -767.544 270.823 2568.49 1 847.61 360.481 2340.34 1 50.9303 76.0626 2599.54 1 -40.0629 -157.174 2634.28 1 169.329 -147.231 2602.33 1 -189.876 -587.088 2645.58 1 -292.138 -1000.49 2688.11 1 243.643 -597.122 2566.86 1 37.2277 304.328 2580.78 1 392.858 -1003.69 2646.84 1
10.7746 527.402 2545.45 1 -157.325 297.328 2606.21 1 -483.011 259.473 2652.59 1 210.466 316.256 2554.63 1 555.431 301.904 2465.99 1 -793.297 258.988 2543.68 1 838.442 349.82 2338.2 1 41.2217 78.6925 2601.19 1 -48.9421 -154.801 2636.65 1 160.688 -144.013 2607.25 1 -189.251 -589.819 2645.65 1 -297.725 -1000.01 2671.12 1 238.794 -593.04 2560.78 1 26.5705 306.792 2580.42 1 393.988 -998.898 2635.52 1
4.26788 527.28 2544.04 1 -163.056 297.767 2606.55 1 -488.011 241.234 2645.78 1 204.911 317.437 2555.93 1 545.211 281.452 2466.99 1 -800.4 227.97 2541.6 1 829.725 315.224 2325.73 1 36.1263 79.6023 2603.13 1 -53.5048 -154.001 2639.43 1 156.155 -142.793 2610.6 1 -190.851 -591.045 2646.27 1 -298.464 -997.383 2664.65 1 235.42 -591.617 2559.37 1 20.9275 307.602 2581.24 1 391.977 -997.666 2632.04 1
5.61839 532.726 2560.85 1 -163.671 302.919 2613.64 1 -487.028 229.631 2640.88 1 204.202 319.946 2561.22 1 535.59 269.211 2472.02 1 -797.578 198.504 2537.11 1 824.654 285.416 2332.58 1 32.9751 82.8165 2602.36 1 -59.1121 -150.65 2632.23 1 150.481 -140.949 2602.36 1 -189.319 -590.37 2636.38 1 -303.046 -994.74 2649.73 1 234.314 -588.927 2548.82 1 20.2656 311.432 2587.43 1 385.375 -997.993 2616.59 1
11.3732 537.304 2568.77 1 -161.516 310.177 2618.44 1 -488.534 211.831 2634.44 1 206.074 320.361 2562.73 1 534.284 254.092 2473.06 1 -791.411 164.116 2512.45 1 821.145 253.794 2326.56 1 30.4143 86.2576 2602.4 1 -66.1777 -145.655 2630.09 1 143.278 -139.852 2598.34 1 -184.358 -588.593 2643.78 1 -310.771 -997.542 2652.31 1 230.975 -587.617 2548.25 1 22.2787 315.269 2590.59 1 383.964 -994.996 2622.04 1
35.2748 535.56 2573.27 1 -142.854 313.24 2622.96 1 -464.288 186.437 2635.25 1 223.741 314.208 2560.9 1 534.13 232.029 2480.11 1 -765.325 119.458 2517.75 1 815.768 209.36 2319.16 1 42.7518 84.5078 2601.99 1 -59.3972 -144.984 2629.73 1 149.518 -144.433 2594.37 1 -160.728 -591.918 2646.43 1 -297.077 -999.591 2651.33 1 247.828 -590.034 2545.03 1 40.4433 313.724 2591.93 1 400.835 -996.181 2625.46 1
58.626 535.422 2575.52 1 -122.926 317.013 2628.54 1 -432.655 166.736 2637.17 1 241.852 309.618 2557.45 1 538.059 211.503 2487.64 1 -729.932 83.1812 2523.83 1 809.922 166.057 2309.12 1 56.6482 84.0601 2602.4 1 -50.098 -143.088 2632.06 1 157.765 -147.303 2591.56 1 -152.215 -590.296 2637.58 1 -283.902 -1002.86 2673.77 1 261.087 -592.216 2545.73 1 59.4628 313.316 2592.99 1 402.25 -1001.31 2631.9 1
80.3058 531.729 2576.59 1 -101.621 314.235 2631.26 1 -404.333 148.875 2643.09 1 262.141 305.205 2554.76 1 545.024 199.745 2494.33 1 -694.024 51.8013 2522.04 1 811.512 138.198 2307.4 1 76.3827 80.387 2601.64 1 -31.0762 -146.375 2632.06 1 176.087 -151.518 2588.49 1 -126.99 -594.94 2644.62 1 -281.582 -1004.16 2657.15 1 284.7 -595.064 2541.26 1 80.26 309.72 2593.01 1 415.52 -1004.28 2641.1 1
119.012 532.391 2577.6 1 -60.4672 313.473 2636.17 1 -364.679 129.942 2645.53 1 300.676 306.502 2548.3 1 562.5 181.866 2499.14 1 -644.62 15.3766 2524.3 1 823.229 89.925 2312.39 1 117.597 80.5795 2600.13 1 12.5315 -146.849 2632.97 1 217.647 -150.809 2583.07 1 -95.4822 -595.21 2634.36 1 -261.109 -1001.21 2660.03 1 330.114 -591.464 2533.26 1 120.104 309.988 2592.23 1 434.211 -1006.08 2639.19 1
150.85 530.813 2569.65 1 -28.4592 314.708 2638.1 1 -321.286 117.938 2650.8 1 329.964 302.88 2540.31 1 579.798 161.467 2499.58 1 -584.389 -18.6587 2523.12 1 832.005 48.1125 2313.94 1 146.306 79.5787 2600.63 1 39.9137 -146.272 2639.87 1 243.805 -153.001 2584.24 1 -85.9371 -588.451 2635.02 1 -258.881 -992.452 2662.49 1 343.542 -598.219 2543.61 1 150.752 308.794 2589.2 1 422.187 -1021.18 2635.64 1
182.469 530.04 2564.71 1 0.670237 317.645 2641.55 1 -276.108 107.458 2652.47 1 355.58 298.463 2533.02 1 599.431 144.248 2497.84 1 -537.53 -34.6512 2534.88 1 839.677 8.31035 2312.56 1 169.882 79.0711 2600.8 1 60.5977 -144.451 2645.22 1 262.681 -155.373 2583.42 1 -69.798 -584.708 2631.45 1 -244.757 -988.963 2646.59 1 358.696 -601.197 2535.51 1 178.125 308.054 2587.29 1 415.403 -1024.85 2639.99 1
210.613 531.803 2561.68 1 27.1662 322.785 2640.97 1 -235.549 97.7298 2655.24 1 381.852 298.848 2532.06 1 610.718 126.123 2497.92 1 -489.876 -50.9847 2533.72 1 837.958 -27.2788 2310.17 1 193.775 82.0372 2601.84 1 82.0942 -139.929 2648.17 1 283.987 -153.555 2586.17 1 -44.9098 -580.375 2622.41 1 -216.577 -986.112 2643.89 1 378.248 -599.325 2532.05 1 204.509 310.817 2586.52 1 417.028 -1020.47 2653.68 1
246.903 539.291 2560.67 1 59.7013 331.828 2641.39 1 -190.271 85.3667 2654.62 1 413.906 303.044 2531.81 1 624.363 105.559 2496.46 1 -432.217 -78.3615 2532.74 1 832.933 -78.4838 2318.99 1 223.18 88.849 2602.61 1 108.706 -131.542 2649.82 1 310.408 -147.934 2587.42 1 0.270121 -573.629 2598.57 1 -131.002 -988.576 2650.5 1 400.136 -594.781 2533.12 1 236.804 317.436 2586.6 1 428.107 -1019.17 2648.25 1
276.737 544.841 2560.15 1 86.4806 338.837 2638.96 1 -153.633 78.1804 2655.3 1 441.099 306.308 2531.62 1 629.188 84.7805 2498.23 1 -384.946 -103.051 2539.08 1 819.061 -124.211 2328.73 1 247.482 94.1096 2600.65 1 130.188 -125.089 2646.58 1 332.161 -143.616 2585.44 1 33.4248 -564.564 2564.44 1 -62.2501 -983.224 2647.3 1 407.821 -593.182 2533.26 1 263.79 322.572 2585.29 1 427.334 -1019.76 2643.25 1
300.718 545.936 2568.89 1 107.538 340.162 2637.76 1 -118.285 72.5554 2658.63 1 463.656 306.831 2535.73 1 635.634 70.9176 2501.61 1 -336.734 -123.417 2542.35 1 807.535 -158.211 2338.64 1 267.226 94.9571 2597.28 1 147.427 -124.089 2636.88 1 350.284 -143.075 2578.76 1 65.0602 -563.856 2539.71 1 3.69534 -984.295 2644.29 1 413.466 -595.766 2541.22 1 285.597 323.496 2586.75 1 428.224 -1026.23 2635.58 1
321.847 548.156 2572.81 1 128.396 339.877 2630.27 1 -88.5824 66.2394 2659.88 1 488.128 312.318 2540.81 1 637.374 59.9927 2505.33 1 -292.576 -138.799 2538.31 1 793.233 -183.759 2352.94 1 292.522 97.2321 2592.75 1 174.257 -123.779 2625.45 1 379.308 -139.488 2574.46 1 107.279 -565.493 2523.56 1 76.1184 -985.289 2645.25 1 434.806 -594.078 2548.74 1 308.262 326.098 2585.54 1 440.599 -1025.43 2640.92 1
340.49 553.744 2575.22 1 143.882 346.927 2627.78 1 -61.2843 56.1105 2662.92 1 504.618 316.7 2542.82 1 636.698 46.5023 2510.66 1 -249.814 -160.089 2537.04 1 776.799 -211.135 2367.36 1 306.491 103.034 2591.29 1 186.016 -117.139 2621.47 1 391.447 -134.353 2573.09 1 120.244 -558.886 2516.85 1 117.891 -975.371 2654.41 1 426.162 -591.12 2557.12 1 324.25 331.814 2585.3 1 427.076 -1023.69 2644.35 1
360.829 556.702 2575.93 1 160.608 352.677 2627.69 1 -31.6409 42.5588 2666.96 1 520.76 317.959 2541.67 1 634.853 34.2466 2513.34 1 -188.535 -194.502 2534.59 1 739.751 -242.122 2380.34 1 319.92 106.769 2589.99 1 196.592 -111.893 2619.79 1 401.72 -131.667 2570.8 1 157.369 -555.577 2512.43 1 181.812 -973.707 2644.69 1 436.291 -588.983 2565.82 1 340.684 335.318 2584.68 1 422.873 -1023.04 2642.92 1
375.776 556.184 2576.28 1 172.01 356.206 2626.86 1 0.680843 39.2798 2666.97 1 531.741 315.603 2541.59 1 630.931 24.6214 2520.68 1 -144.318 -211.224 2534.08 1 708.092 -263.399 2391.03 1 327.283 107.736 2589.13 1 200.231 -108.867 2618.31 1 405.15 -131.997 2569.74 1 174.796 -551.372 2501.47 1 234.178 -961.368 2645.96 1 435.241 -589.888 2565.27 1 351.875 335.905 2584.23 1 412.634 -1022.02 2650.91 1
387.542 557.901 2577.48 1 182.363 355.729 2621.13 1 19.3708 32.6149 2666.01 1 544.428 317.914 2545.35 1 624.497 14.8297 2524.85 1 -104.712 -234.106 2530.66 1 684.566 -284.848 2412.55 1 340.069 108.469 2585.73 1 213.589 -109.11 2609.82 1 419.894 -130.656 2566.64 1 207.954 -553.396 2497.35 1 283.18 -963.129 2638.5 1 455.891 -588.214 2568.04 1 363.396 336.822 2583.24 1 410.157 -1018.26 2652.88 1
395.445 554.85 2577.56 1 188.481 352.435 2616.41 1 39.691 31.801 2662.5 1 551.765 313.909 2546.87 1 616.756 7.91941 2531.92 1 -67.2723 -250.354 2536.3 1 668.695 -297.019 2429.11 1 346.248 104.849 2583.4 1 218.908 -112.501 2604.98 1 425.838 -134.446 2565.37 1 213.424 -560.52 2507.65 1 311.694 -969.867 2635.21 1 452.239 -592.489 2575.15 1 370.123 333.172 2581.64 1 393.212 -1022.47 2652.56 1
399.551 550.537 2578.1 1 190.976 349.313 2613.64 1 54.3514 31.8973 2657.74 1 554.568 308.482 2546.76 1 611.887 3.9609 2533.96 1 -36.6629 -261.471 2544.26 1 643.701 -302.9 2435.55 1 347.26 100.743 2580.8 1 218.201 -115.784 2600.44 1 425.296 -139.04 2562.35 1 219.125 -567.806 2525.09 1 331.845 -980.638 2625.82 1 449.149 -597.294 2574.65 1 372.772 328.898 2580.2 1 385.981 -1026.68 2653.83 1
403.813 556.883 2579.38 1 193.908 355.062 2612.59 1 66.175 27.4486 2652.86 1 557.93 314.119 2547.94 1 607.445 -2.01988 2535.49 1 -2.59948 -273.863 2549.48 1 625.794 -311.106 2441.14 1 350.349 106.432 2580.78 1 221.102 -110.067 2599.71 1 428.454 -133.388 2562.88 1 236.91 -563.915 2538.16 1 349.309 -980.873 2624.17 1 456.014 -590.846 2587.37 1 375.919 334.591 2580.26 1 387.115 -1021.46 2653.89 1
405.708 555.265 2578.01 1 193.992 355.971 2611.16 1 75.5909 20.2264 2649.43 1 557.508 310.81 2546.45 1 605.159 -1.61771 2537.77 1 25.3333 -286.91 2549.56 1 610.368 -315.144 2459.27 1 347.542 105.553 2579.35 1 215.792 -109.422 2598.33 1 422.876 -135.148 2561.47 1 234.241 -564.605 2545.15 1 343.283 -983.873 2627.06 1 454.383 -592.634 2582.16 1 375.75 333.39 2578.81 1 376.307 -1020.97 2653.58 1
406.286 556.335 2577.33 1 193.662 358.165 2609.79 1 89.1916 34.3555 2645.17 1 557.169 310.874 2546.47 1 603.349 -10.2924 2537.19 1 44.1386 -279.769 2565.51 1 596.16 -325.697 2466.17 1 345.84 106.849 2578.38 1 212.729 -107.352 2596.67 1 419.8 -134.292 2560.6 1 234.875 -563.308 2550.11 1 345.873 -981.08 2638.26 1 456.181 -591.344 2583.79 1 375.416 334.519 2578.13 1 380.463 -1019.59 2659.05 1
407.169 556.683 2577 1 194.437 357.712 2605.4 1 99.6008 28.672 2640.59 1 558.972 312.331 2546.89 1 598.854 -13.6905 2537.97 1 66.3784 -288.029 2557.42 1 577.175 -329.332 2470.82 1 348.226 107.209 2575.41 1 215.908 -107.676 2591.33 1 423.585 -133.53 2558 1 241.855 -564.375 2554.61 1 357.419 -981.783 2639.3 1 461.621 -590.543 2580.33 1 376.705 335.021 2576.15 1 391.835 -1018.82 2661.06 1
404.957 555.685 2578.84 1 193.213 356.216 2602.27 1 105.815 21.8212 2638.81 1 558.778 313.308 2548.61 1 595.08 -13.1002 2536.8 1 77.4467 -294.442 2546.51 1 560.732 -329.253 2477.72 1 348.769 106.829 2572.22 1 217.414 -108.882 2584.29 1 425.674 -133.326 2553.72 1 248.377 -565.857 2554.87 1 354.026 -985.226 2642.69 1 458.771 -590.487 2580.2 1 375.995 334.762 2575.44 1 388.888 -1019.3 2658.37 1
402.423 555.07 2577.75 1 191.744 354.513 2599.47 1 108.905 17.9068 2636.91 1 557.822 313.046 2548.06 1 591.611 -10.182 2534.47 1 82.9016 -298.665 2543.5 1 550.195 -326.401 2478.93 1 348.42 105.745 2569.97 1 217.791 -110.479 2580.81 1 426.322 -134.1 2551.53 1 250.301 -567.815 2558.77 1 353.165 -986.789 2651.99 1 454.726 -591.647 2576.99 1 374.783 333.78 2573.76 1 386.944 -1020.09 2659.06 1
400.924 555.786 2577.21 1 190.987 353.715 2597.96 1 109.948 15.9489 2635.96 1 557.386 314.724 2546.8 1 591.004 -11.3335 2532.51 1 85.5356 -300.274 2538.87 1 547.473 -326.716 2472.85 1 349.223 106.048 2567.49 1 219.899 -111.017 2577.18 1 428.619 -133.229 2548.04 1 253.08 -568.61 2561.39 1 357.62 -986.961 2655.89 1 456.922 -590.781 2574.06 1 374.186 334.22 2572.38 1 387.215 -1018.54 2658.2 1
397.778 554.244 2568.43 1 189.244 350.975 2592.3 1 109.962 14.4838 2633.98 1 556.267 314.143 2544.13 1 589.675 -10.1805 2528.64 1 86.8554 -300.667 2531.04 1 551.544 -326.208 2468.24 1 349.532 104.178 2565.9 1 221.767 -113.712 2577.3 1 430.852 -134.695 2549.86 1 254.75 -571.508 2566.99 1 360.673 -988.916 2664.24 1 455.797 -592.147 2580.38 1 372.756 332.559 2568.21 1 385.655 -1020.33 2662.05 1
392.614 558.15 2565.04 1 187.013 351.402 2588.96 1 108.478 14.7413 2630.49 1 554.754 320.078 2542.62 1 591.668 -8.73311 2522.92 1 87.3425 -300.474 2523.65 1 562.955 -325.156 2459.76 1 351.131 107.044 2563.62 1 226.623 -112.73 2574.65 1 436.132 -130.575 2548.25 1 255.87 -570.86 2567.14 1 367.428 -986.242 2666.65 1 460.113 -588.099 2578.83 1 370.884 335.74 2565.79 1 384.979 -1017.35 2648.61 1
385.502 554.994 2553.84 1 182.319 346.077 2583.29 1 107.237 14.8683 2629.23 1 550.293 317.982 2536.6 1 594.985 -3.48182 2518.93 1 84.1055 -299.674 2517.6 1 575.611 -319.492 2450.66 1 348.922 103.142 2560.67 1 226.73 -117.744 2574.69 1 436.345 -133.748 2548.09 1 248.304 -576.294 2568.99 1 366.213 -989.812 2668.88 1 455.528 -591.76 2573.77 1 366.306 332.029 2559.95 1 376.362 -1019.2 2650.13 1
379.028 550.386 2540.25 1 178.597 340.559 2576.72 1 104.609 13.4412 2624.6 1 546.905 314.842 2531.2 1 596.485 3.25327 2516.98 1 68.3479 -299.817 2514.25 1 584.468 -305.896 2433.9 1 347.491 98.7778 2559.82 1 227.327 -122.82 2578.66 1 437.135 -137.47 2552.72 1 241.842 -581.622 2580.15 1 369.42 -994.638 2668.66 1 450.901 -595.847 2574.89 1 362.751 327.701 2553.96 1 376.902 -1022.99 2657.86 1
372.488 550.349 2531.94 1 173.651 339.996 2573.95 1 96.3147 12.2088 2619.79 1 541.528 315.308 2524.58 1 595.755 0.636269 2509.99 1 60.1621 -299.476 2509.69 1 591.979 -303.908 2415.54 1 343.326 98.7048 2557.47 1 224.276 -123.21 2579.74 1 433.849 -137.275 2551.61 1 248.625 -581.54 2584.41 1 356.408 -1001.25 2665.39 1 444.217 -595.991 2567.23 1 357.59 327.652 2549.27 1 370.252 -1023.46 2648.98 1
365.422 549.284 2528.29 1 167.434 337.331 2573.56 1 85.1558 10.6028 2618.89 1 534.669 314.755 2518.88 1 593.875 -2.18086 2506.98 1 47.2244 -299.947 2506.19 1 609.485 -304.562 2410.1 1 338.176 96.9835 2554.32 1 220.692 -125.645 2577.99 1 429.91 -138.507 2546.84 1 242.678 -584.154 2584.89 1 361.009 -1001.91 2662.31 1 441.03 -597.387 2554.33 1 351.052 326.043 2546.22 1 365.117 -1023.88 2639.42 1
359.717 548.763 2528.47 1 161.787 336.149 2572.95 1 77.0725 8.80718 2614.95 1 528.435 313.369 2514.46 1 592.431 2.40454 2498.99 1 31.8736 -299.269 2501.12 1 618.299 -294.147 2398.68 1 331.971 95.6603 2550.56 1 214.399 -126.95 2574.08 1 423.262 -139.927 2540.76 1 243.995 -584.863 2586.74 1 354.532 -1005.12 2663.1 1 431.684 -598.703 2533.92 1 345.111 324.759 2543.7 1 363.235 -1021.33 2639.45 1
352.216 546.689 2518.06 1 156.165 333.802 2568.16 1 63.04 9.8978 2612.47 1 522.703 312.193 2508.42 1 591.221 6.20701 2488 1 13.4255 -297.114 2493.97 1 622.153 -284.887 2385.15 1 327.603 93.9723 2548.54 1 211.375 -128.898 2575.81 1 420.169 -141.207 2541.78 1 237.811 -587.036 2589.6 1 362.19 -1001.17 2676.2 1 431.696 -599.085 2517.04 1 339.434 322.997 2538.29 1 364.361 -1018.26 2636.41 1
345.034 546.307 2513.35 1 150.077 332.979 2565.49 1 48.5232 9.44898 2606.74 1 516.034 310.651 2502.53 1 592.612 4.10301 2478.99 1 -7.89117 -292.343 2483.21 1 637.47 -277.307 2366.54 1 320.897 92.8014 2544.55 1 204.5 -129.853 2573.03 1 412.976 -142.572 2537.16 1 232.36 -587.999 2584.9 1 348.278 -1004.33 2673.57 1 418.692 -597.002 2481.56 1 333.056 321.815 2534.01 1 360.869 -1011.91 2618.7 1
340.055 545.807 2511.5 1 145.866 333.255 2562.63 1 35.7588 10.7292 2600.88 1 511.258 310.453 2496.63 1 599.301 6.04738 2466.5 1 -40.5148 -284.002 2476.08 1 653.698 -266.722 2345.51 1 315.973 92.8084 2539.06 1 199.308 -129.743 2567.3 1 407.461 -142.732 2529.7 1 239.357 -586.903 2576.33 1 323.032 -1005.73 2681.48 1 416.902 -593.803 2451.29 1 328.562 321.854 2529.63 1 363.827 -1008.24 2592.74 1
333.545 548.54 2509.07 1 140.726 334.866 2559.83 1 15.3741 12.3641 2594.94 1 505.779 314.579 2491.2 1 605.644 9.02427 2456.24 1 -73.9998 -277.214 2463.43 1 680.551 -250.016 2328.41 1 312.111 95.5641 2533.99 1 196.988 -127.815 2562.02 1 404.951 -139.373 2522.92 1 233.12 -585.195 2576.86 1 346.053 -998.182 2676.79 1 415.73 -587.525 2427.85 1 323.253 324.722 2525.52 1 370.817 -1003.11 2569.17 1
328.149 550.989 2500.35 1 138.269 337.23 2553.61 1 -4.31439 19.6771 2584.96 1 503.236 320.351 2483.63 1 618.823 19.0164 2443.62 1 -118.983 -261.262 2453.73 1 714.706 -226.441 2307.23 1 312.069 99.5989 2528.62 1 199.429 -124.785 2558.54 1 407.342 -134.401 2518.68 1 239.562 -581.808 2575.58 1 333.741 -1000.18 2674.79 1 415.938 -577.821 2403.37 1 320.752 328.791 2518.62 1 374.941 -999.946 2523.6 1
324.499 550.443 2487 1 135.945 336.481 2542.61 1 -26.6653 30.8424 2576.47 1 501.331 321.412 2474.38 1 633.905 29.5046 2430.82 1 -165.81 -240.18 2447.61 1 747.619 -199.463 2281.2 1 311.467 99.8127 2520.7 1 200.224 -125.029 2552.33 1 408.37 -133.613 2513.47 1 234.547 -582.552 2568.98 1 330.05 -1002.21 2664.35 1 406.478 -571.798 2379.55 1 318.638 328.946 2508.49 1 381.52 -1001.79 2467.75 1
320.234 546.977 2473.32 1 132.842 332.82 2532.37 1 -48.3301 44.4159 2565.73 1 497.939 318.668 2462.38 1 652.456 47.7566 2415.9 1 -217.914 -207.293 2436.92 1 776.758 -162.795 2250.21 1 309.219 96.6879 2511.5 1 199.056 -128.338 2545.55 1 407.038 -136.4 2505.68 1 230.288 -586.1 2562.61 1 346.439 -998.685 2664.62 1 395.11 -567.626 2351.58 1 315.39 325.744 2497.38 1 377.934 -1003.14 2405.02 1
317.766 545.844 2464.99 1 130.987 330.595 2520.65 1 -66.6622 57.7036 2558.87 1 496.734 318.234 2453.83 1 673.231 65.383 2397.46 1 -261.351 -173.621 2429.89 1 815.257 -124.592 2219.85 1 308.51 95.2683 2500.34 1 198.978 -130.357 2532.48 1 407.339 -137.399 2494.41 1 227.656 -588.356 2548.06 1 352.514 -995.509 2661.78 1 385.794 -563.995 2328.15 1 313.86 324.415 2487.24 1 380.557 -1001.91 2338.76 1
315.835 546.468 2461.83 1 129.628 329.02 2509.97 1 -89.3099 71.8371 2547.46 1 496 320.298 2446.17 1 693.632 84.2059 2380.22 1 -308.158 -137.761 2418.19 1 850.43 -84.921 2192.62 1 308.866 95.3134 2486.75 1 200.557 -131.548 2513.6 1 409.279 -136.516 2477.26 1 235.687 -588.439 2540.07 1 359.823 -995.505 2656.29 1 381.369 -560.058 2303.47 1 312.814 324.659 2478.07 1 380.967 -996.288 2269.71 1
315.456 544.991 2443.73 1 130.414 328.123 2497.26 1 -111.634 88.9009 2533.23 1 495.757 319.008 2427.96 1 714.837 104.12 2361.6 1 -346.595 -104.768 2406 1 884.204 -40.1777 2164.16 1 309.545 94.3268 2474.1 1 201.936 -132.316 2505.32 1 410.073 -137.508 2465.84 1 246.247 -587.846 2539.36 1 359.989 -992.585 2672.19 1 378.225 -559.958 2289.45 1 313.085 323.566 2462.61 1 368.791 -991.354 2216.32 1
314.213 535.444 2411.69 1 129.518 319.554 2469.56 1 -139.319 115.952 2514.61 1 495.01 309.889 2400.95 1 737.416 138.057 2333.3 1 -402.947 -39.3209 2398.14 1 927.48 32.912 2132.51 1 308.799 85.5996 2449.07 1 201.237 -140.769 2482.43 1 409.43 -146.275 2443.35 1 233.477 -597.793 2506.84 1 363.495 -991.16 2656.37 1 369.668 -559.933 2249.48 1 312.264 314.721 2435.25 1 356.772 -982.669 2136.71 1
314.222 532.381 2388.67 1 128.895 317.443 2447.87 1 -160.155 141.476 2500.31 1 493.556 306.094 2375.27 1 759.211 169.029 2302.65 1 -440.944 10.9654 2389.71 1 968.165 92.9836 2105.21 1 306.948 82.6764 2425.89 1 198.798 -143.183 2460.9 1 406.541 -149.648 2419.54 1 243.98 -598.482 2494.04 1 352.669 -990.801 2661.32 1 360.731 -560.484 2220.5 1 311.226 311.768 2411.57 1 345.889 -976.916 2082.77 1
317.098 528.936 2362.17 1 131.752 315.53 2426.2 1 -176.06 164.727 2487.67 1 495.155 301.818 2348.06 1 778.621 191.025 2278.82 1 -473.59 64.3721 2385.17 1 1001.57 142.762 2086.07 1 308.335 79.7375 2403.5 1 199.697 -145.293 2442.13 1 406.734 -153.105 2397.61 1 252.833 -598.646 2487.69 1 351.02 -995.571 2652.01 1 357.577 -564.136 2199.35 1 313.453 308.674 2387.13 1 342.807 -978.974 2053.08 1
319.641 519.274 2320.41 1 134.535 307.292 2388.67 1 -190.52 195.36 2466.84 1 496.984 291.089 2306.65 1 780.076 222.604 2253.83 1 -500.717 135.495 2375.32 1 1015.89 210.808 2071.59 1 309.547 70.3804 2365.41 1 200.022 -153.811 2406.53 1 406.645 -163.049 2359.78 1 244.284 -608.536 2442.12 1 351.199 -993.737 2626.86 1 350.631 -570.414 2160.56 1 315.76 299.191 2347.66 1 333.066 -984.003 2009.14 1
322.071 509.931 2288.04 1 137.136 299.521 2356.93 1 -196.76 222.685 2445.93 1 499.048 281.987 2272.74 1 785.874 243.538 2224.94 1 -516.368 188.896 2368.66 1 1031.9 259.673 2055.81 1 310.902 61.8931 2331.59 1 200.594 -161.971 2372.34 1 406.831 -171.963 2324.36 1 238.252 -617.17 2413.9 1 350.046 -984.331 2628.19 1 346.175 -583.404 2132.63 1 318.092 290.754 2314.84 1 330.467 -1001.72 1994.08 1
322.23 498.78 2255.85 1 137.243 287.492 2327.91 1 -199.375 243.84 2428.47 1 497.955 268.622 2239.03 1 791.32 261.936 2201.42 1 -524.859 231.857 2368.19 1 1043.17 293.091 2040.36 1 309.904 49.252 2300.82 1 199.442 -174.177 2343.49 1 404.977 -184.929 2292.85 1 231.769 -628.953 2394.67 1 342.6 -986.974 2625.47 1 340.876 -598.733 2106.01 1 317.599 278.057 2283.47 1 331.362 -1022.81 1986.26 1
328.42 495.76 2233.74 1 141.632 286.57 2298.8 1 -203.182 258.413 2415.72 1 502.61 265.87 2211.34 1 791.931 270.563 2178.67 1 -530.572 267.865 2362.01 1 1048.5 313.25 2026.16 1 312.165 47.2664 2268.17 1 199.385 -175.791 2306.19 1 405.035 -187.584 2256.36 1 229.308 -629.209 2369.68 1 343.185 -980.018 2610.8 1 338.856 -602.84 2072.72 1 322.121 276.22 2255.07 1 325.055 -1028.13 1956.46 1
331.081 494.797 2185.19 1 143.722 288.047 2256.29 1 -201.094 271.213 2394.87 1 504.819 263.803 2170.26 1 793.761 272.772 2140.55 1 -532.356 296.939 2358.87 1 1055.97 315.785 1996.63 1 313.074 47.3345 2230.7 1 199.018 -174.35 2272.63 1 404.738 -188.162 2223.62 1 218.66 -627.249 2343.52 1 338.617 -966.733 2597.66 1 334.409 -605.753 2046.69 1 324.271 275.925 2213.28 1 316.084 -1032.88 1937.52 1
333.08 498.355 2149.42 1 145.054 293.638 2223.18 1 -202.543 282.107 2372.44 1 505.964 266.488 2137.19 1 797.89 269.841 2108.81 1 -538.896 306.394 2365.68 1 1060.95 310.161 1964.61 1 313.248 51.7821 2200.8 1 198.187 -168.765 2245.91 1 403.789 -184.232 2196.93 1 212.157 -618.259 2335.67 1 333.615 -957.394 2590.27 1 330.185 -606.046 2031.91 1 325.509 280.063 2180.19 1 316.857 -1037.72 1943.41 1
332.984 496.716 2119.03 1 144.723 293.238 2194.58 1 -198.786 286.568 2356.72 1 506.355 265.097 2112.03 1 798.489 265.046 2082.82 1 -538.672 306.755 2357.42 1 1061.76 296.545 1936.56 1 313.32 51.2311 2177.48 1 198.093 -168.69 2225.17 1 404.109 -184.721 2178.14 1 203.034 -615.011 2330.18 1 330.055 -954.581 2581.75 1 330.3 -612.021 2028.39 1 325.539 279.168 2153.3 1 314.042 -1045.48 1948.3 1
333.96 499.631 2081.84 1 146.624 297.15 2166.63 1 -196.355 280.754 2334.88 1 506.817 266.415 2079 1 795.615 249.737 2049.74 1 -535.795 288.213 2344.96 1 1060.62 259.684 1904.75 1 314.415 54.4591 2151.97 1 199.503 -164.109 2206.08 1 404.714 -181.619 2156.15 1 204.837 -607.219 2324.38 1 325.979 -947.883 2577.52 1 327.678 -610.815 2013.13 1 326.721 281.782 2122.82 1 322.928 -1047.85 1959.14 1
335.916 501.207 2062.74 1 148.148 299.244 2148.33 1 -191.176 275.88 2317.93 1 508.44 267.284 2061.43 1 797.884 235.165 2026.58 1 -531.77 271.508 2331.13 1 1057.81 230.562 1872.5 1 315.478 56.0962 2135.29 1 200.045 -161.969 2190.45 1 405.278 -180.174 2140.95 1 195.958 -601.754 2320.63 1 322.506 -942.831 2570.62 1 327.576 -615.25 2018.74 1 328.294 283.264 2104.88 1 322.742 -1052.18 1959.72 1
336.853 501.081 2047.19 1 149.46 299.902 2137.15 1 -188.078 258.932 2305.47 1 508.967 266.906 2047.41 1 797.209 215.875 2008.2 1 -528.833 244.18 2311.23 1 1053.76 200.19 1848.83 1 316.573 56.5447 2125.06 1 201.532 -160.917 2183.39 1 406.332 -179.713 2132.27 1 197.149 -597.615 2324.01 1 319.273 -940.927 2573.2 1 329.787 -619.208 2026.12 1 329.214 283.404 2092.28 1 317.978 -1052.69 1947.42 1
336.322 499.868 2039.42 1 149.398 299.44 2133.37 1 -187.032 246.961 2296.74 1 507.288 265.336 2037.91 1 793.541 197.934 1994.3 1 -528.503 216.584 2300.83 1 1046.84 173.898 1830.41 1 315.689 55.629 2119.21 1 201.086 -161.415 2179.98 1 404.985 -180.844 2125.59 1 199.548 -596.582 2325.82 1 317.453 -940.499 2576.25 1 314.822 -616.666 2012.49 1 328.343 282.388 2085.64 1 308.887 -1056.39 1972.94 0
336.126 497.127 2036.03 1 149.42 296.747 2132.23 1 -185.013 229.479 2291.37 1 506.415 262.167 2033.58 1 787.2 181.204 1985.04 1 -523.841 184.731 2284.75 1 1033.79 140.546 1814.9 1 315.379 52.7602 2117 1 201.159 -164.088 2179.18 1 404.521 -183.786 2122.99 1 196.538 -600.832 2320.44 1 321.816 -938.572 2575.48 1 311.729 -619.914 2013.24 1 327.918 279.457 2082.91 1 308.766 -1061 1993.5 0
335.712 498.32 2039.34 1 149.756 297.642 2136.14 1 -182.014 213.747 2288.19 1 505.564 262.914 2033.35 1 780.245 161.506 1983.8 1 -516.164 146.738 2275.59 1 1020.08 108.241 1807.52 1 314.942 53.3765 2117.38 1 200.877 -163.633 2179.3 1 403.572 -183.417 2120.74 1 200.954 -602.58 2313.61 1 323.161 -933.082 2579.21 1 306.133 -618.11 2009.34 1 327.66 280.278 2084.75 1 304.653 -1059.53 1999.48 0
332.071 496.061 2040.99 1 147.597 294.907 2144.04 1 -176 192.862 2291.08 1 501.72 261.001 2035.41 1 771.071 141.93 1985.08 1 -504.957 108.344 2272.71 1 1003.02 70.4773 1805.16 1 313.267 51.1331 2123.38 1 201 -166.03 2187.98 1 402.749 -185.346 2126.1 1 194.759 -604.526 2323.74 1 328.64 -936.108 2582.14 1 309.34 -622.075 2019.3 1 324.659 277.954 2089.72 1 308.601 -1063.58 2014.38 0
331.556 496.805 2058.82 1 146.969 293.6 2157.91 1 -174.025 173.456 2294.05 1 499.752 261.744 2044.42 1 759.87 121.813 1990.16 1 -495.749 67.1035 2271.71 1 982.456 38.4835 1803.49 1 312.152 50.2422 2130.16 1 200.457 -168.114 2191.48 1 401.429 -186.262 2126.83 1 193.981 -609.16 2318.6 1 332.253 -936.044 2580.84 1 307.869 -622.175 2016.88 1 323.361 277.672 2101.16 1 307.499 -1063.7 2014.42 0
329.335 496.151 2073.74 1 145.778 292.319 2172.81 1 -167.517 156.232 2306.03 1 497.664 261.361 2056.24 1 747.801 101.018 1999.47 1 -482.696 34.9483 2275.93 1 958.449 3.51715 1806.16 1 310.848 49.2018 2142.16 1 199.752 -169.619 2203 1 400.199 -187.254 2136.6 1 195.939 -609.634 2333.92 1 334.752 -940.563 2590.87 1 306.023 -624.844 2034.09 1 321.721 276.84 2114.52 1 305.838 -1066.38 2032.86 0
329.459 495.757 2099.19 1 145.871 290.402 2192.33 1 -162.26 136.122 2317.03 1 497.591 261.818 2074.61 1 738.39 81.0041 2013.22 1 -470.351 -0.309308 2277.69 1 931.775 -31.6914 1813.63 1 310.837 47.9774 2156.31 1 199.765 -172.014 2212.69 1 400.122 -188.297 2145.63 1 196.437 -614.814 2333.63 1 334.307 -942.666 2595.07 1 307.554 -625.36 2039.47 1 321.731 276.11 2133.47 1 307.462 -1066.9 2038.86 0
323.85 489.15 2117.41 1 142.922 280.325 2213.64 1 -151.637 114.558 2329.5 1 493.373 256.411 2091.32 1 725.687 60.5014 2029.59 1 -452.591 -30.8087 2278.2 1 900.365 -66.5713 1823.22 1 310.178 40.001 2174.29 1 202.376 -181.553 2230.95 1 402.041 -195.178 2161.25 1 208.467 -624.951 2349.49 1 337.373 -956.97 2610.16 1 310.37 -633.616 2060.11 1 318.148 268.368 2152.48 1 310.324 -1075.15 2059.8 0
324.2 493.787 2146.53 1 143.395 285.396 2239.11 1 -146.823 93.2854 2343.76 1 493.402 264.166 2114.96 1 710.831 40.7452 2051.79 1 -441.545 -62.8419 2285.32 1 872.362 -96.0392 1841.83 1 310.977 46.0807 2195.22 1 203.868 -176.573 2248.77 1 403.244 -188.666 2178.05 1 211.057 -620.496 2365.61 1 348.296 -956.818 2616.09 1 308.899 -626.263 2075.72 1 318.398 274.781 2177.03 1 308.876 -1067.8 2075.57 0
319.228 492.376 2160.07 1 143.854 279.32 2262.38 1 -137.402 73.1196 2360.34 1 492.715 261.935 2134.5 1 691.94 21.3909 2075.89 1 -422.399 -97.3994 2292.58 1 839.139 -126.108 1863.06 1 314.886 42.1821 2220.23 1 212.115 -181.311 2278.44 1 410.859 -191.215 2205.59 1 213.494 -626.678 2389.78 1 361.474 -969.479 2624.29 1 317.403 -629.536 2105.57 1 318.285 270.627 2198.44 1 317.391 -1071.07 2105.49 0
316.951 490.581 2186.38 1 143.064 274.88 2285.49 1 -127.2 56.0641 2380.69 1 494.078 261.265 2163.28 1 677.472 6.69435 2101.97 1 -402.241 -129.501 2310.35 1 810.799 -156.055 1891.31 1 317.219 39.5499 2245.96 1 215.877 -185.095 2302.35 1 415.859 -192.852 2232.72 1 216.876 -632.702 2404.11 1 363.734 -983.888 2626.76 1 313.588 -626.695 2122.34 1 318.571 268.073 2224.38 1 313.583 -1068.23 2122.31 0
315.583 489.741 2212.02 1 142.058 272.36 2311.39 1 -112.607 38.5306 2397.34 1 493.635 260.596 2190.48 1 662.232 -2.15133 2128.49 1 -377.531 -158.548 2325.51 1 782.359 -182.188 1926.9 1 317.819 37.9828 2273.08 1 217.661 -187.162 2329.67 1 417.921 -193.863 2260.8 1 224.824 -637.159 2419.39 1 362.593 -991.749 2642.77 1 310.86 -624.369 2142.2 1 317.846 266.478 2250.93 1 310.857 -1065.91 2142.18 0
309.67 490.751 2251.83 1 136.446 273.142 2350.28 1 -98.8083 21.7618 2429.16 1 487.942 262.055 2228.98 1 644.111 -12.5736 2166.74 1 -345.288 -193.333 2349.44 1 739.488 -220.213 1986.5 1 312.935 39.1777 2312.65 1 218.856 -186.253 2368.4 1 408.496 -192.234 2302.95 1 232.069 -637.821 2448.05 1 366.033 -999.869 2661.58 1 334.424 -619.983 2159.47 1 312.194 267.599 2289.63 1 314.646 -1045.18 2078.48 1
305.803 496.393 2288.24 1 131.657 277.941 2380.32 1 -88.8837 7.86616 2451.59 1 484.85 268.775 2263.97 1 624.574 -18.7717 2203.87 1 -312.042 -226.877 2364.73 1 704.727 -243.794 2036.32 1 309.025 44.6899 2342.5 1 211.986 -181.44 2395.07 1 407.606 -186.516 2330.63 1 233.714 -635.101 2458.54 1 368.607 -1007.04 2652.92 1 326.346 -608.952 2169.99 1 308.254 273.358 2322.14 1 316.317 -1048.46 2128.92 0
303.044 502.86 2311.44 1 128.572 285.779 2405.99 1 -69.4353 -1.06794 2472.3 1 481.308 274.739 2288.36 1 609.79 -21.3856 2235.93 1 -270.672 -252.048 2382.81 1 670.038 -260.723 2076.61 1 305.225 51.7679 2369.48 1 206.438 -173.623 2424.82 1 404.584 -179.824 2358.74 1 236.761 -628.22 2477.98 1 372.51 -1005.88 2660.78 1 325.928 -599.938 2190.87 1 304.94 280.259 2347.18 1 320.943 -1040.97 2170.45 0
303.177 511.078 2338.05 1 127.169 293.927 2428.68 1 -53.7142 -1.03532 2491.65 1 480.247 282.858 2312.03 1 597.4 -23.1908 2262.97 1 -233.884 -266.231 2402.4 1 641.703 -272.989 2115.75 1 303.426 59.758 2391.19 1 203.288 -165.746 2445.02 1 402.997 -172.007 2379.04 1 242.025 -620.733 2489.44 1 372.453 -1009.49 2650.52 1 335.105 -589.47 2200.22 1 303.708 288.393 2370.35 1 332.622 -1030.88 2190.05 0
304.851 520.711 2365.85 1 126.934 304.155 2450.91 1 -44.3591 -9.01582 2511.82 1 479.885 291.704 2333.99 1 591.201 -22.097 2287.99 1 -204.706 -285.524 2410.88 1 615.902 -281.202 2150.41 1 301.131 69.0511 2409.95 1 198.676 -156.293 2460.63 1 399.028 -163.361 2394.26 1 238.13 -612.234 2493.95 1 369.846 -1002.92 2650.52 1 348.019 -584.868 2221.16 1 303.409 297.929 2392.45 1 344.983 -1023.98 2191.31 1
304.002 523.54 2380.24 1 125.522 307.878 2467.97 1 -32.1762 -12.0043 2531.9 1 478.465 294.355 2351.13 1 582.603 -21.0536 2312.99 1 -173.942 -297.058 2422.08 1 602.715 -288.645 2186.14 1 299.34 72.3005 2428.02 1 196.335 -152.671 2479.7 1 397.038 -160.361 2413.26 1 234.377 -609.353 2504.8 1 375.395 -999.391 2655.08 1 353.752 -584.471 2243.78 1 301.994 301.117 2409.55 1 368.432 -1024.16 2232.89 1
305.869 530.188 2402.46 1 123.688 316.786 2487.51 1 -17.0997 -11.9907 2546.95 1 475.535 298.336 2368.19 1 577.299 -21.5357 2336.53 1 -144.956 -304.055 2440.34 1 586.348 -294.478 2220.91 1 293.183 78.6934 2444.28 1 186.614 -144.923 2494.68 1 386.895 -155.426 2426.76 1 233.954 -601.04 2512.88 1 357.443 -1001.98 2647.42 1 349.333 -579.05 2254.26 1 299.611 307.561 2427.85 1 375.065 -1016.87 2278.6 1
307.708 535.702 2429.55 1 123.702 320.849 2507.72 1 -5.03097 -9.51015 2559.98 1 477.162 304.101 2393.05 1 569.167 -20.7543 2360.26 1 -105.753 -312.827 2456.48 1 571.898 -298.555 2262.52 1 294.028 83.418 2464.1 1 186.988 -140.871 2510.47 1 388.261 -150.407 2445.17 1 245.745 -595.8 2523.3 1 366.492 -998.382 2656.96 1 369.635 -581.68 2291.45 1 300.432 312.475 2450.39 1 398.339 -1013.84 2358.5 1
308.803 538.504 2443.1 1 123.863 323.523 2519.44 1 7.98574 -9.25712 2573.49 1 479.034 306.708 2410.25 1 564.586 -18.8756 2378.13 1 -68.0274 -318.903 2471.25 1 556.968 -301.249 2288.37 1 294.757 86.0338 2478.35 1 186.917 -138.259 2522.96 1 389.212 -147.837 2460.77 1 241.871 -593.824 2535 1 368.623 -998.489 2656.34 1 374.863 -581.499 2312.11 1 301.448 315.115 2464.84 1 403.2 -1005.59 2418.27 1
313.871 545.485 2458.87 1 127.487 331.044 2532.04 1 20.9985 -10.1351 2582.73 1 483.445 311.733 2425.8 1 558.803 -18.4328 2397.56 1 -43.5751 -324.678 2483.28 1 548.026 -304.906 2308.92 1 296.626 92.3012 2490.94 1 186.411 -131.286 2533.22 1 389.161 -142.286 2472.71 1 239.982 -587.178 2538.27 1 367.304 -991.943 2659.53 1 386.373 -578.668 2331.35 1 305.466 321.389 2478.92 1 397.253 -993.351 2471.98 1
316.125 546.588 2466.76 1 130.008 333.136 2543.02 1 29.506 -8.56883 2590.87 1 485.004 312.054 2433.9 1 551.906 -18.2157 2415.28 1 -17.9531 -328.581 2496.8 1 546.014 -308.305 2329.4 1 297.919 93.5847 2501.51 1 187.224 -129.421 2545.65 1 389.438 -141.43 2483.49 1 241.604 -585.297 2549.66 1 369.748 -993.627 2656.83 1 391.968 -583.315 2361.22 1 307.506 322.595 2488.46 1 400.037 -994.853 2515.41 1
319.949 546.438 2478.71 1 132.329 333.753 2553.01 1 35.2575 -10.2856 2597.43 1 487.615 310.922 2445.13 1 549.965 -9.34891 2430.45 1 -0.523501 -331.821 2506.17 1 539.291 -302.516 2351.55 1 298.748 93.321 2510.57 1 186.333 -129.192 2552.8 1 388.716 -142.198 2491.35 1 244.622 -584.61 2555.9 1 366.225 -995.382 2661.85 1 395.378 -587.713 2382.74 1 309.972 322.337 2499.07 1 404.392 -993.404 2553.36 1
327.476 548.793 2495.18 1 136.982 339.087 2564.22 1 45.1219 -9.13952 2603.7 1 491.872 312.353 2455.96 1 549.549 -7.03733 2440.96 1 22.3997 -333.644 2519.84 1 532.358 -301.33 2364.97 1 299.601 96.8041 2518.02 1 183.689 -124.497 2556.78 1 385.861 -139.727 2495.11 1 242.843 -579.827 2560.23 1 369.486 -989.934 2663.13 1 398.283 -589.512 2407.77 1 314.427 325.72 2510.09 1 402.072 -995.293 2579.99 1
333.698 550.164 2501.91 1 142.037 341.148 2572.12 1 50.5569 -7.06439 2616.34 1 497.655 311.631 2467.05 1 552.336 -1.42767 2454.9 1 41.7338 -331.628 2528.8 1 530.434 -296.718 2382.71 1 303.645 97.6001 2529.02 1 186.149 -122.782 2568.39 1 388.738 -139.597 2508.53 1 252.376 -577.046 2575.11 1 373.856 -988.604 2678.64 1 415.551 -593.095 2459.32 1 319.846 326.39 2519.59 1 400.587 -1006.38 2610.14 1
340.971 551.492 2512.77 1 146.718 343.299 2578.81 1 55.7892 -7.04589 2622.65 1 503.409 311.529 2478.16 1 555.369 -4.65575 2465.08 1 50.9128 -328.542 2523.62 1 532.366 -299.632 2391.01 1 306.767 98.7038 2535.84 1 186.868 -120.956 2571.86 1 390.072 -139.056 2514.52 1 247.419 -575.924 2567.87 1 379.062 -984.264 2671.4 1 420.017 -594.404 2476.34 1 325.063 327.414 2528.48 1 398.624 -1010.14 2621.22 1
346.312 550.883 2518.2 1 150.805 343.399 2584.19 1 68.4171 13.0554 2626.23 1 507.828 309.571 2485.34 1 557.93 -6.0161 2473.77 1 55.6899 -307.35 2535.81 1 535.668 -300.893 2398.61 1 309.88 97.8758 2542.8 1 188.755 -121.098 2578.99 1 392.13 -140.369 2522.68 1 250.331 -575.945 2570.54 1 383.666 -984.307 2672.17 1 422.094 -597.086 2498.1 1 329.316 326.485 2534.77 1 399.443 -1016.89 2631.17 1
349.569 548.819 2521.42 1 153.853 342.323 2587.99 1 77.7085 3.53094 2632.11 1 511.071 307.689 2490.06 1 562.719 -6.81096 2479.16 1 59.1983 -315.387 2537.45 1 535.781 -300.948 2402.56 1 312.807 96.4478 2548.16 1 191.408 -122.246 2585.19 1 394.895 -141.975 2529.41 1 249.131 -577.381 2569.24 1 388.403 -983.728 2671.01 1 429.113 -599.052 2511.32 1 332.462 325.006 2539.02 1 397.891 -1021.8 2632.98 1
355.164 547.524 2524.03 1 158.351 342.006 2589.13 1 81.3475 -5.22866 2635.55 1 516.992 306.773 2496.93 1 569.351 -7.4385 2483.99 1 65.39 -325.46 2544.77 1 536.513 -301.369 2408.95 1 317.807 95.882 2553.08 1 195.778 -122.589 2589.39 1 400.106 -142.662 2536.86 1 249.008 -578.249 2571.64 1 390.619 -984.653 2670.01 1 442.771 -599.342 2524.14 1 337.672 324.389 2543.03 1 399.912 -1023.4 2637.52 1
360.319 546.137 2533.34 1 161.332 340.896 2591.42 1 84.1965 -9.63697 2636.27 1 521.709 305.876 2506.37 1 574.726 -8.50348 2485.12 1 68.5198 -331.637 2548.6 1 535.391 -302.406 2413.28 1 321.098 94.8413 2556.46 1 198.015 -123.727 2588.26 1 403.336 -143.679 2539.8 1 252.464 -579.294 2570.64 1 389.647 -987.733 2666.85 1 444.335 -600.739 2529.4 1 341.521 323.386 2548.9 1 398.823 -1027.64 2630.67 1
363.629 546.24 2528.99 1 164.9 342.796 2591.96 1 88.5873 -1.80628 2638.14 1 525.707 305.972 2509.36 1 580.29 -9.35281 2489.45 1 61.4762 -321.74 2549.41 1 533.803 -302.138 2417.39 1 324.698 96.0642 2562.44 1 201.332 -121.768 2597.75 1 406.853 -142.744 2550.7 1 255.27 -577.56 2585.22 1 394.648 -987.217 2672.35 1 443.081 -600.244 2539.14 1 345.303 324.384 2550.66 1 405.771 -1025.99 2648.57 1
371.908 550.607 2544.32 1 171.401 347.164 2601.06 1 92.7908 5.09943 2640.07 1 532.091 309.719 2518.08 1 586.202 -9.42269 2495.86 1 57.1836 -313.483 2547.76 1 535.761 -299.791 2417.11 1 329.616 100.097 2566.42 1 204.757 -117.583 2596.9 1 410.215 -138.912 2549.63 1 262.569 -572.822 2581.73 1 389.563 -988.332 2657.97 1 451.78 -595.965 2537.24 1 351.746 328.442 2559.57 1 400.625 -1023.15 2633.81 1
374.391 552.303 2552.49 1 174.306 347.712 2605.51 1 96.4375 19.842 2642.41 1 535.327 311.34 2523.44 1 593.729 -7.51769 2498.16 1 53.4825 -298.443 2559.4 1 540.499 -297.184 2418.37 1 332.806 101.082 2568.9 1 207.967 -117.003 2596.69 1 413.623 -137.722 2549.94 1 263.265 -572.682 2586.31 1 390.013 -988.497 2662.49 1 460.426 -594.124 2554.29 1 354.816 329.526 2564.48 1 398.371 -1024.29 2625 1
378.266 554.518 2565.07 1 178.934 347.842 2609.95 1 94.2349 17.9105 2645.73 1 540.755 316.409 2529.5 1 595.285 -2.9822 2499.78 1 53.2737 -298.844 2557.61 1 547.068 -293.617 2420.28 1 339.822 103.496 2569 1 216.732 -116.179 2591.2 1 422.867 -134.087 2545.37 1 271.818 -571.881 2579.56 1 396.354 -986.43 2665.58 1 471.551 -590.317 2556.43 1 359.845 332.125 2569.73 1 402.306 -1021.59 2615.04 1
380.69 557.525 2570.86 1 182.03 348.852 2613.83 1 96.1156 16.4553 2648.37 1 543.935 320.162 2532.68 1 598.071 2.23808 2502.47 1 53.2377 -301.421 2558.47 1 560.783 -289.283 2420.96 1 344.202 105.756 2570.37 1 222.342 -114.823 2590.6 1 428.503 -131.166 2544.38 1 268.794 -571.49 2585.88 1 391.059 -987.681 2667.52 1 465.76 -588.329 2559.17 1 362.983 334.507 2573.25 1 399.726 -1020.37 2618.8 1
382.658 557.699 2574.26 1 185.377 347.299 2616.43 1 98.0539 16.7249 2648.19 1 547.365 321.125 2534.77 1 600.973 4.62754 2504.56 1 53.2116 -303.335 2559.17 1 577.433 -287.112 2419.54 1 348.869 105.358 2571.37 1 228.262 -116.04 2590.4 1 434.472 -130.951 2543.88 1 271.776 -573.073 2588.75 1 388.274 -991.368 2668.16 1 464.246 -588.82 2555.56 1 366.371 334.212 2575.6 1 406.345 -1020.63 2624.81 1
385.658 559.507 2584.45 1 188.151 348.288 2623.07 1 104.012 12.3767 2653.1 1 549.514 324.061 2538.14 1 600.466 -0.698023 2506.27 1 53.1466 -304.434 2559.51 1 599.08 -285.587 2406.53 1 351.598 107.418 2572.53 1 231.432 -114.439 2588.64 1 437.294 -128.24 2540.26 1 267.468 -572.109 2588.29 1 387.318 -989.675 2666.8 1 466.526 -585.959 2559.04 1 368.833 336.174 2580.61 1 401.122 -1017.71 2622.28 1
388.084 559.926 2590.55 1 190.638 348.041 2627.05 1 106.501 11.1927 2650.06 1 551.701 325.274 2540.42 1 600.725 -4.35269 2510.63 1 52.8859 -304.986 2560.7 1 606.481 -283.899 2397.72 1 354.185 107.978 2573.05 1 234.359 -114.216 2587.03 1 440.042 -127.185 2537.68 1 265.922 -572.239 2589.08 1 384.727 -989.259 2672.03 1 468.015 -585.026 2557.31 1 371.169 336.657 2583.73 1 403.094 -1015.97 2626.94 1
388.942 560.422 2592.59 1 191.934 347.643 2629.06 1 107.742 10.5904 2651.03 1 552.957 325.761 2541.99 1 603.353 -3.66875 2509.81 1 52.8913 -305.596 2562.86 1 611.596 -282.496 2393.98 1 356.092 107.941 2575.21 1 236.909 -114.588 2589.69 1 442.568 -127.053 2540.09 1 264.925 -572.872 2591.08 1 390.273 -987.054 2678.25 1 466.286 -584.982 2563.16 1 372.446 336.702 2585.52 1 400.964 -1016.49 2629.43 1
389.265 558.62 2593.62 1 192.305 345.882 2628.71 1 109.37 9.79162 2653.51 1 553.779 325.082 2543.25 1 605.677 -3.83125 2509.41 1 53.0274 -306.174 2564.6 1 616.249 -283.319 2392.74 1 357.243 106.712 2574.84 1 238.483 -116.134 2588.03 1 444.404 -127.983 2539.35 1 264.333 -574.56 2586.76 1 391.215 -988.203 2674.54 1 466.571 -585.878 2565.03 1 373.042 335.482 2585.98 1 401.494 -1018.9 2620.14 1
389.653 559.397 2594.63 1 193.052 346.2 2630.44 1 109.683 9.3948 2654.76 1 554.076 326.411 2542.87 1 605.834 -4.41441 2509.2 1 52.9647 -306.168 2564.82 1 618.722 -284.502 2392.6 1 358.197 107.526 2574.99 1 239.996 -115.617 2588.28 1 445.662 -126.89 2538.39 1 268.051 -573.927 2586.6 1 389.637 -986.899 2683.96 1 464.865 -584.997 2562.86 1 373.564 336.306 2586.65 1 403.142 -1018.09 2621.67 1
389.684 558.302 2594.64 1 193.302 344.894 2630.21 1 110.338 9.20053 2654.38 1 554.856 324.642 2544.97 1 605.914 -2.70995 2509.6 1 53.208 -306.589 2568.46 1 620.377 -284.473 2392.94 1 358.737 105.939 2576.88 1 240.412 -117.122 2590.45 1 446.38 -128.659 2541.89 1 265.934 -575.585 2588.39 1 388.323 -989.395 2681.36 1 464.648 -586.611 2569.81 1 374.079 334.768 2587.59 1 402.947 -1020.08 2626.3 1
390.804 556.209 2595.64 1 194.544 343.552 2631.51 1 110.671 9.10008 2653.19 1 555.807 323.314 2545.02 1 610.956 -2.85491 2510.29 1 53.1168 -306.393 2567.21 1 613.18 -284.952 2392.04 1 359.807 104.6 2577.61 1 241.538 -118.468 2591.6 1 447.337 -129.997 2542.33 1 264.285 -577.061 2587.53 1 390.155 -990.507 2677.56 1 464.081 -588.205 2566.81 1 375.176 333.433 2588.26 1 403.417 -1022.31 2619.56 1
389.788 556.715 2596.64 1 193.762 343.599 2633.26 1 110.834 8.04819 2654.6 1 554.524 324.411 2544.49 1 614.974 -8.42527 2505.14 1 52.7962 -305.615 2564.06 1 619.177 -292.934 2389.74 1 359.289 105.149 2577.98 1 241.675 -118.242 2592.37 1 447.194 -129.173 2541.79 1 266.391 -576.74 2592.3 1 386.696 -994.285 2668.96 1 464.967 -587.439 2564.6 1 374.143 334.005 2588.87 1 399.076 -1019.74 2624.76 1
391.908 556.519 2596.65 1 194.615 344.252 2633.3 1 110.423 9.02854 2656.31 1 555.101 323.289 2543.8 1 610.992 -6.21842 2504.07 1 53.5427 -304.7 2564.22 1 618.878 -290.361 2385.98 1 358.709 105.033 2577.08 1 239.882 -117.733 2591.1 1 445.24 -129.675 2540.12 1 263.436 -576.307 2591.61 1 389.245 -992.829 2665.55 1 462.226 -588.07 2560.96 1 374.858 333.77 2588.55 1 396.868 -1019.99 2624.68 1
391.436 558.073 2596.65 1 195.457 344.984 2632.67 1 110.706 9.51348 2656.15 1 556.494 325.677 2545.05 1 611.493 -6.10819 2509.04 1 53.3418 -305.006 2567.16 1 619.221 -287.543 2386.04 1 361.048 106.492 2577.78 1 243.282 -116.846 2591.65 1 448.957 -127.845 2541.73 1 266.088 -575.451 2589.22 1 397.047 -987.676 2676.25 1 468.141 -586.021 2565.21 1 375.976 335.331 2588.86 1 404.882 -1018.61 2626.63 1
392.162 561.516 2596.65 1 196.168 347.055 2631.44 1 110.849 9.75724 2654.57 1 557.865 328.657 2546.4 1 607.744 -3.0545 2506.03 1 53.1074 -304.982 2567.1 1 619.536 -286.354 2387.68 1 362.85 108.951 2578.19 1 245.658 -114.713 2591.68 1 451.709 -125.195 2543.24 1 268.827 -573.261 2595.37 1 392.956 -989.931 2669.94 1 466.228 -583.506 2567.13 1 377.017 337.856 2588.92 1 406.48 -1017.43 2622.02 1
392.664 561.87 2595.65 1 197.037 346.695 2630.53 1 110.918 9.87648 2654.78 1 559.105 329.705 2546.76 1 603.867 -3.52448 2507.52 1 53.0561 -305.583 2566.53 1 619.822 -285.63 2388.61 1 364.958 109.21 2578.41 1 248.715 -114.941 2592.03 1 454.974 -124.619 2544.31 1 269.721 -573.555 2599.33 1 385.401 -994.831 2659.41 1 468.247 -582.955 2568.75 1 378.071 338.2 2588.64 1 405.052 -1016.7 2621.39 1
393.065 558.836 2595.65 1 196.66 344.028 2628.49 1 110.961 8.9359 2653.89 1 559.276 326.855 2547.18 1 608.938 -3.76056 2508.26 1 52.9826 -305.827 2565.79 1 619.4 -286.452 2388.38 1 364.648 106.5 2576.79 1 248.042 -117.55 2588.91 1 454.616 -127.333 2542.59 1 270.014 -576.099 2598.23 1 377.804 -1000.62 2650.6 1 461.667 -586.034 2560.25 1 377.968 335.441 2587.84 1 402.687 -1018.97 2622.68 1
393.395 559.763 2596.15 1 197.097 345.18 2629.9 1 109.984 7.96927 2653.45 1 559.216 327.487 2546.51 1 611.47 -1.88219 2507.63 1 52.9399 -305.96 2565.42 1 619.558 -286.206 2388.94 1 364.427 107.415 2577.15 1 247.553 -116.464 2589.85 1 453.841 -126.543 2542.35 1 269.833 -574.987 2600.3 1 378.69 -998.882 2656.94 1 462.79 -585.277 2559.5 1 378.157 336.333 2588.21 1 397.391 -1017.07 2623.63 1
