317.296 554.299 2578.07 1 132.046 336.15 2634.29 1 72.1055 7.18162 2648.56 1 484.149 320.49 2539.96 1 569.619 -4.18608 2525.2 1 52.9367 -302.74 2539.42 1 560.684 -287.493 2418.62 1 297.76 98.4709 2586.7 1 184.942 -126.821 2613.72 1 389.902 -135.937 2558.81 1 218.709 -585.149 2636.84 1 233.869 -1014.64 2741.77 1 423.406 -593.783 2590.15 1 308.097 328.32 2587.13 1 402.681 -1032.57 2641.54 1
316.092 554.653 2578.89 1 131.92 336.108 2634.18 1 71.5423 6.08456 2647.77 1 484.219 320.862 2540.51 1 569.171 2.10054 2525.11 1 52.7657 -302.752 2539.39 1 559.306 -284.422 2426.48 1 297.969 98.6249 2586.77 1 185.335 -126.798 2613.46 1 390.404 -135.673 2558.94 1 222.703 -584.203 2645.63 1 233.656 -1017.18 2734.25 1 424.246 -593.567 2589.38 1 308.069 328.485 2587.34 1 403.524 -1031.56 2647.48 1
316.211 556.906 2578.79 1 131.721 338.654 2634.72 1 71.7765 5.54337 2649.4 1 483.779 323.331 2540.15 1 569.584 -1.45081 2524.04 1 52.7167 -302.819 2539.38 1 559.245 -284.698 2420.84 1 297.571 101.136 2586.78 1 184.927 -124.261 2613.65 1 389.856 -133.181 2558.61 1 219.442 -581.883 2646.59 1 234.934 -1013.51 2741.52 1 422.983 -591.281 2586.66 1 307.75 330.992 2587.43 1 403.65 -1028.99 2647.81 1
315.552 554.759 2578.25 1 131.364 336.643 2635.91 1 67.8886 7.27108 2646.7 1 482.727 321.735 2538.76 1 566.29 -3.72454 2521.52 1 52.7683 -302.511 2537.6 1 559.383 -286.204 2418.8 1 297.097 99.3223 2586.63 1 184.884 -126.206 2614.2 1 389.415 -134.883 2557.65 1 219.033 -584.167 2642.63 1 236.115 -1013.96 2745.47 1 424.318 -592.659 2588.6 1 307.046 329.189 2587.34 1 402.871 -1031 2644.33 1
316.854 554.866 2578.48 1 131.919 336.337 2634.88 1 70.939 7.63254 2646.85 1 483.617 321.819 2538.88 1 564.644 -3.85885 2519.77 1 52.7858 -302.781 2538.47 1 559.747 -286.775 2418.63 1 298.027 99.2029 2585.96 1 185.926 -126.447 2612.98 1 390.645 -134.898 2557.09 1 220.63 -584.453 2640.41 1 234.401 -1014.49 2743.15 1 425.457 -592.486 2590.82 1 307.768 329.078 2586.88 1 404.565 -1031.01 2645.59 1
317.414 555.138 2577.58 1 132.296 336.257 2634.05 1 71.9662 7.31788 2647.41 1 484.279 321.612 2539.1 1 565.822 -4.43062 2520.39 1 52.8634 -302.465 2536.17 1 560.165 -287.49 2420.35 1 298.62 99.0551 2586.19 1 186.51 -126.562 2613.44 1 391.395 -135.086 2558.18 1 218.753 -584.644 2642.63 1 235.306 -1015.7 2740.69 1 425.6 -592.483 2594.96 1 308.288 328.934 2586.57 1 403.123 -1031.55 2644.4 1
316.275 553.346 2569.64 1 132.079 335.521 2629.84 1 71.9643 6.17581 2647.71 1 485.026 320.07 2538.75 1 564.39 -5.73042 2520.19 1 52.9462 -302.479 2532.52 1 559.622 -287.144 2416.88 1 299.336 97.95 2587.57 1 187.39 -127.398 2617.35 1 392.849 -136.393 2564.33 1 218.473 -585.623 2645.72 1 234.748 -1017.32 2741.14 1 427.774 -593.251 2606.46 1 308.552 327.796 2584.29 1 402.427 -1033.18 2644.32 1
318.011 556.948 2573.18 1 133.419 338.993 2633.1 1 71.9707 6.09948 2646.36 1 485.381 322.564 2538.47 1 564.777 2.11877 2521.56 1 53.0167 -302.713 2530.57 1 558.556 -281.78 2423.93 1 298.903 100.967 2586.64 1 185.967 -124.062 2615.04 1 390.846 -133.626 2559.96 1 218.069 -582.387 2640.43 1 232.477 -1013.56 2738.54 1 422.94 -591.384 2592.54 1 309.4 330.778 2585.79 1 401.091 -1030.91 2637.04 1
317.423 557.085 2575.44 1 132.058 339.706 2633.15 1 72.4891 8.55087 2645.68 1 484.305 322.623 2539.66 1 563.894 1.05807 2518.79 1 56.4869 -301.59 2529.21 1 560.247 -283.292 2425.49 1 297.109 101.365 2586.68 1 183.52 -123.463 2614.16 1 388.553 -133.406 2559.74 1 216.843 -581.655 2640.47 1 231.529 -1012.29 2740.95 1 422.492 -591.012 2593.41 1 308.181 331.165 2586.41 1 399.95 -1030.38 2639.84 1
315.999 553.653 2568.07 1 131.329 336.99 2631.13 1 72.7442 8.77684 2646.34 1 483.601 319.014 2537.86 1 563.945 -3.97203 2516.39 1 57.5697 -300.892 2527.71 1 553.045 -286.497 2417.19 1 296.801 98.24 2588.5 1 183.613 -126.291 2619.65 1 388.663 -136.754 2565.36 1 219.222 -584.34 2645.44 1 234.209 -1013.85 2750.5 1 428.811 -593.64 2601.67 1 307.465 328.002 2584.49 1 401.603 -1032.81 2647.63 1
314.633 551.208 2563.88 1 130.308 335.226 2628.71 1 72.3721 8.88888 2645.67 1 482.554 316.753 2535.43 1 564.552 1.55802 2517.73 1 58.3343 -300.741 2529.61 1 555.32 -283.578 2424.34 1 296.004 96.2535 2588.19 1 183.059 -128.106 2621.46 1 388.096 -138.859 2567.16 1 218.786 -586.467 2639.07 1 231.811 -1015.04 2748.14 1 425.246 -596.515 2595.71 1 306.431 325.99 2582.07 1 402.538 -1034.98 2649.52 1
316.107 558.864 2571.29 1 131.687 342.472 2633.34 1 72.1777 7.95297 2645.34 1 483.28 323.946 2537.65 1 565.266 -1.72828 2518.87 1 55.6489 -301.712 2532.06 1 557.227 -284.096 2419.41 1 296.275 103.456 2588.8 1 182.736 -120.906 2619.95 1 387.399 -131.69 2564.25 1 218.437 -579.331 2636.92 1 238.023 -1008.71 2741.53 1 425.064 -589.688 2585.95 1 307.483 333.209 2585.5 1 402.533 -1027.45 2645.48 1
316.845 555.442 2574.5 1 132.497 338.119 2633.85 1 72.0903 7.97321 2646.68 1 484.43 321.617 2539.05 1 568.134 -3.36078 2520.44 1 54.2346 -302.24 2533.27 1 558.892 -285.449 2418.68 1 298.089 100.049 2587.94 1 185.285 -124.968 2617.02 1 390.143 -134.574 2561.84 1 221.671 -583.497 2628.45 1 238.248 -1012.17 2736.52 1 431.612 -592.014 2588.19 1 308.464 329.868 2586.45 1 404.758 -1030.39 2640.87 1
315.497 556.439 2577.1 1 132.011 337.97 2634.96 1 72.5428 7.48406 2645.85 1 483.941 323.088 2539.88 1 566.063 -4.67742 2522.22 1 53.6679 -302.364 2531.07 1 559.678 -286.229 2418.33 1 298.243 100.67 2587.37 1 186.082 -124.857 2615 1 390.937 -133.52 2559.65 1 219.845 -583.379 2632.42 1 235.401 -1013.54 2734.52 1 425.821 -591.539 2585.47 1 307.976 330.529 2587.42 1 405.974 -1029.35 2645.08 1
314.793 557.008 2576.9 1 132.42 338.173 2635.77 1 72.267 6.73715 2646.43 1 484.091 324.065 2539.6 1 566.523 -4.83319 2519.6 1 53.4754 -302.32 2528.29 1 559.448 -286.506 2415.8 1 298.971 101.233 2587.46 1 187.335 -124.547 2615.22 1 392.039 -132.759 2559.24 1 219.175 -583.21 2633.38 1 236.722 -1011.6 2742.28 1 427.204 -590.023 2595.05 1 308.256 331.119 2587.69 1 403.533 -1029.28 2639.01 1
314.847 557.754 2568.8 1 133.242 338.733 2633.19 1 72.6363 6.36741 2646.72 1 484.762 323.657 2536.61 1 566.762 -5.91535 2520.8 1 53.2254 -301.995 2525.48 1 559.971 -287.184 2417.08 1 300.014 101.339 2588.07 1 188.718 -124.129 2619.34 1 393.335 -132.905 2563.12 1 219.688 -582.922 2636.11 1 237.957 -1011.17 2745.67 1 427.959 -590.423 2597.12 1 309.002 331.195 2584.9 1 404.188 -1029.49 2644.56 1
315.454 555.149 2564.24 1 133.344 337.057 2630.61 1 72.8154 6.18605 2646.85 1 485.049 321.62 2534.76 1 565.378 -5.45976 2520.39 1 53.0975 -301.921 2524.01 1 559.56 -287.074 2415.17 1 300.585 99.5066 2588.1 1 189.612 -125.833 2621.42 1 394.337 -134.818 2565.63 1 220.657 -584.722 2635.2 1 234.212 -1013.61 2742.93 1 426.648 -592.662 2597.91 1 309.197 329.339 2582.69 1 402.288 -1032.29 2640.31 1
315.31 553.305 2561.96 1 133.04 334.489 2630.34 1 72.4082 6.09226 2645.92 1 484.567 318.917 2533.86 1 567.689 -6.22923 2520.69 1 53.303 -301.954 2524.4 1 558.995 -286.868 2413.03 1 300.473 96.8864 2588.84 1 189.832 -128.398 2623.66 1 394.453 -137.462 2567.5 1 220.033 -587.144 2642.55 1 233.809 -1019.47 2734.15 1 424.005 -595.856 2593.72 1 308.804 326.703 2582.1 1 403.596 -1035 2642.65 1
316.302 554.031 2570.33 1 132.007 335.967 2632.34 1 72.2118 8.53929 2645.46 1 483.936 319.773 2537.45 1 567.354 -7.60812 2521.85 1 56.8407 -300.439 2530.48 1 558.646 -287.082 2412.16 1 298.249 98.054 2588.06 1 186.098 -127.049 2618.84 1 390.956 -136.475 2563.6 1 216.581 -585.784 2638 1 231.58 -1017.21 2734.19 1 420.818 -594.861 2590.24 1 307.971 327.87 2584.9 1 400.347 -1034.38 2636.18 1
314.968 551.166 2565.01 1 131.81 333.611 2630 1 72.6049 9.27199 2646.23 1 483.853 316.501 2535.69 1 568.675 -8.30638 2521.92 1 58.0392 -300.391 2534.08 1 558.912 -287.374 2414.27 1 298.065 95.2694 2588.08 1 185.837 -129.538 2620.76 1 390.759 -139.497 2565.86 1 220.382 -587.326 2650.08 1 234.577 -1021.92 2729.66 1 424.501 -597.313 2596.96 1 307.832 325.056 2582.84 1 403.217 -1037.16 2639.57 1
314.217 550.912 2561.85 1 131.96 333.148 2629.43 1 72.3054 8.13342 2645.61 1 483.563 315.912 2533.52 1 568.339 -9.15093 2522.95 1 55.9177 -300.999 2532.83 1 558.581 -287.099 2412.86 1 298.302 94.7555 2588.09 1 186.51 -130.002 2622.62 1 391.177 -140.036 2566.79 1 220.931 -588.189 2645.61 1 235.762 -1022.44 2728 1 424.917 -598.086 2594.49 1 307.762 324.53 2581.47 1 402.68 -1037.54 2640.61 1
314.772 555.137 2562.28 1 133.379 336.436 2626.64 1 68.1591 7.56307 2645.32 1 486.688 321.372 2537.08 1 565.676 -7.57143 2521.99 1 54.3778 -301.884 2533.64 1 561.671 -285.911 2413.43 1 301.712 99.0588 2587.69 1 190.543 -126.401 2619.59 1 396.237 -135.172 2567.45 1 224.252 -584.958 2634.64 1 238.621 -1015.72 2732.9 1 431.606 -592.98 2597.24 1 310.033 328.904 2581.86 1 407.04 -1032.61 2640.45 1
315.479 554.992 2569.99 1 134.277 335.472 2629.87 1 69.5748 7.28624 2645.67 1 487.334 322.676 2538.88 1 567.829 -7.28975 2522.99 1 53.6767 -302.343 2534.06 1 560.528 -286.28 2415.06 1 303.075 99.1666 2586.71 1 192.596 -127.017 2615.53 1 398.094 -134.465 2562.57 1 221.583 -585.792 2634.11 1 239.304 -1016.79 2731.63 1 428.068 -592.711 2591.23 1 310.806 329.074 2584.38 1 403.673 -1032.26 2635.51 1
314.836 552.565 2564.34 1 134.684 332.704 2628.65 1 71.793 6.13741 2646.33 1 487.329 320.308 2535.95 1 567.42 -7.13939 2521.49 1 53.2854 -301.84 2529.77 1 559.836 -286.558 2415.84 1 304.249 96.6117 2587.34 1 194.86 -129.675 2619.35 1 400.123 -136.89 2565.39 1 220.907 -588.394 2643.19 1 239.847 -1019.51 2740.46 1 427.937 -595.029 2597.78 1 311.007 326.506 2582.3 1 406.051 -1034.24 2646.31 1
315.481 553.911 2563.51 1 134.906 333.119 2627.9 1 72.3886 6.06636 2645.65 1 487.74 320.878 2535.85 1 565.708 -4.56711 2519.75 1 56.9589 -300.294 2525.97 1 562.458 -286.014 2416.78 1 304.709 97.0873 2587.1 1 195.407 -129.262 2619.11 1 400.783 -136.387 2565.53 1 219.38 -588.021 2644.97 1 238.423 -1021.31 2731.61 1 428.861 -594.39 2599.8 1 311.323 326.999 2581.88 1 401.987 -1034.23 2637.74 1
315.481 552.026 2561.1 1 135.173 331.57 2627.93 1 72.1983 7.5303 2645.32 1 487.521 319.034 2534.07 1 568.357 -6.28085 2521.37 1 58.3204 -300.826 2531.59 1 560.475 -285.899 2413.97 1 304.956 95.4191 2587.72 1 196.016 -130.815 2621.75 1 401.115 -138.112 2567.11 1 218.014 -589.905 2643.12 1 237.635 -1022.68 2732.61 1 426.807 -596.54 2597.13 1 311.347 325.302 2581 1 402.24 -1035.45 2645.52 1
317.257 554.121 2568.9 1 135.597 333.836 2630.22 1 73.1033 7.76217 2646.16 1 488.145 321.159 2537.11 1 566.183 -7.63735 2518.19 1 58.5554 -300.615 2532.56 1 558.768 -286.264 2410.2 1 304.448 97.5922 2586.86 1 194.419 -128.624 2617.15 1 399.632 -136.003 2562.95 1 217.439 -587.691 2638.49 1 234.494 -1021.81 2721.77 1 424.051 -594.816 2587.37 1 311.871 327.498 2583.66 1 401.263 -1032.65 2645.4 1
317.505 555.731 2573.3 1 135.357 335.314 2632.35 1 73.5464 8.38616 2648.09 1 487.468 323.299 2537.53 1 568.084 -7.32305 2519.59 1 58.5711 -300.448 2533.62 1 559.219 -286.947 2412.93 1 303.717 99.3855 2585.49 1 193.54 -127.038 2613.65 1 398.502 -134.032 2558.45 1 219.395 -585.196 2645.84 1 233.829 -1020.51 2723.2 1 424.618 -592.106 2592.02 1 311.413 329.306 2584.94 1 402.393 -1031.32 2638.22 1
316.681 555.56 2567 1 135.785 335.551 2630.21 1 73.2719 7.69557 2646.54 1 487.995 322.389 2535.89 1 566.039 -5.66367 2520.29 1 55.6583 -300.84 2532.29 1 559.166 -287.054 2414.74 1 304.343 99.0844 2586.95 1 194.288 -126.971 2618.3 1 399.306 -134.632 2563.4 1 220.148 -585.413 2647.18 1 236.018 -1018.52 2735.34 1 429.246 -591.578 2606.84 1 311.89 328.97 2583.05 1 403.126 -1031.46 2643.98 1
316.496 555.51 2571.85 1 135.199 334.858 2631.69 1 73.1368 6.34637 2645.78 1 487.501 323.152 2537.53 1 568.518 -7.33017 2521.15 1 54.4462 -301.292 2529.02 1 558.762 -286.874 2413.12 1 304.154 99.0718 2586.27 1 194.421 -127.454 2615.34 1 399.493 -134.269 2560.52 1 220.481 -586.176 2639.55 1 234.848 -1019.85 2725.63 1 425.785 -592.301 2592.87 1 311.35 329.005 2584.61 1 403.818 -1031.85 2636.7 1
316.376 555.185 2575.28 1 134.635 334.413 2632.81 1 73.5696 6.67152 2646.39 1 487.108 323.307 2539.21 1 569.26 -6.16325 2523.58 1 56.5703 -301.29 2530.44 1 559.655 -286.893 2417.92 1 303.685 98.9092 2586.23 1 193.913 -127.81 2613.69 1 399.085 -134.274 2559.21 1 218.091 -585.983 2647.22 1 233.57 -1021.75 2721 1 427.405 -591.865 2596.86 1 310.871 328.86 2586.01 1 400.386 -1031.65 2635.61 1
317.621 560.238 2577.49 1 135.464 339.613 2634.29 1 73.7896 5.8388 2647.7 1 487.601 327.902 2539.5 1 567.132 -5.0846 2522.29 1 62.0431 -302.809 2532.81 1 560.036 -286.961 2419.72 1 303.86 103.813 2586.8 1 193.698 -122.723 2614.29 1 398.675 -129.54 2559.12 1 218.914 -581.196 2643.23 1 233.21 -1013.53 2734.09 1 426.581 -587.658 2590.63 1 311.533 333.757 2586.9 1 401.578 -1026.17 2641.92 1
317.454 561.42 2577.6 1 135.315 341.271 2634.42 1 73.9007 7.42301 2648.35 1 487.643 329.072 2540.4 1 566.575 -4.04626 2520.16 1 57.6398 -302.629 2533.28 1 559.692 -286.276 2417.26 1 303.392 105.237 2586.94 1 192.76 -121.147 2613.83 1 397.847 -128.249 2559.1 1 218.594 -579.638 2642.63 1 233.135 -1013.74 2725.39 1 426.898 -586.44 2589.3 1 311.479 335.172 2587.41 1 403.885 -1024.51 2645.86 1
314.581 556.466 2578.65 1 133.088 336.185 2635.41 1 73.4487 8.71096 2647.68 1 484.972 324.823 2539.66 1 565.784 -4.02214 2521.08 1 57.7063 -301.493 2531.08 1 559.018 -286.16 2414.18 1 301.34 100.555 2586.56 1 191.233 -126.087 2613.45 1 396.065 -132.701 2557.72 1 216.751 -584.48 2644.31 1 233.066 -1018.53 2727.79 1 427.169 -590.362 2593.34 1 309.03 330.504 2587.54 1 400.123 -1029.39 2639.14 1
315.632 555.098 2578.67 1 133.141 335.436 2635.27 1 73.2374 7.36704 2646.33 1 485.098 323.566 2539.84 1 568.408 -4.52333 2522.54 1 55.4469 -301.014 2526.76 1 558.904 -286.121 2413.52 1 301.118 99.5603 2586.65 1 190.682 -126.925 2613.51 1 395.553 -133.835 2557.96 1 219.181 -585.144 2644.42 1 232.92 -1019.41 2727.65 1 428.465 -591.228 2595.67 1 309.119 329.501 2587.55 1 400.594 -1030.8 2636.22 1
317.617 553.996 2578.69 1 134.618 333.942 2633.61 1 72.6196 6.68269 2645.66 1 487.046 322.013 2539.95 1 568.207 -5.76078 2522.78 1 54.459 -301.34 2525.84 1 558.376 -285.903 2410.77 1 302.674 98.0444 2585.37 1 191.942 -128.416 2611.22 1 397.09 -135.36 2556.7 1 220.56 -586.764 2640.15 1 236.131 -1019.01 2732.71 1 429.741 -593.032 2591.26 1 310.832 327.977 2586.78 1 402.123 -1032.03 2638.02 1
316.299 554.279 2579.2 1 133.697 334.015 2633.89 1 73.2961 4.83005 2646.34 1 486.101 322.826 2540.04 1 566.089 -4.86789 2522.39 1 53.4281 -301.435 2522.62 1 558.571 -286.035 2412.95 1 302.183 98.4729 2585.4 1 191.901 -128.218 2611.15 1 397.031 -134.731 2556.52 1 220.613 -586.132 2645.84 1 233.416 -1019.76 2732.27 1 425.66 -592.528 2592.87 1 309.899 328.42 2586.96 1 403.319 -1031.56 2642.31 1
315.178 552.407 2570.45 1 133.826 331.833 2631.83 1 73.1573 4.90859 2647.67 1 485.816 319.646 2536.57 1 568.052 -4.92771 2522.69 1 53.559 -302.603 2528.42 1 558.925 -286.21 2414.51 1 302.566 95.8236 2586.81 1 192.864 -130.545 2617.14 1 397.756 -137.639 2561.69 1 221.177 -588.454 2652.49 1 237.694 -1022.1 2738.45 1 424.727 -595.696 2596.13 1 309.821 325.739 2584.2 1 406.405 -1034.18 2651.63 1
314.213 554.045 2574.08 1 133.927 332.816 2632.65 1 73.5812 3.95181 2647.34 1 486.165 322.724 2538.08 1 569.026 -4.96122 2519.84 1 53.088 -302.494 2525.55 1 559.041 -286.283 2415.31 1 303.576 97.8085 2585.81 1 194.587 -129.215 2613.78 1 399.625 -135.09 2558.73 1 222.311 -587.556 2643.13 1 238.705 -1019.84 2735.66 1 426.361 -593.126 2593.79 1 310.046 327.77 2585.37 1 405.96 -1032.4 2641.66 1
313.759 553.964 2566.39 1 134.086 332.336 2628.68 1 73.274 5.99042 2647.17 1 487.189 321.887 2537.48 1 569.495 -5.99384 2521.42 1 56.2664 -301.345 2527.58 1 558.633 -286.22 2413.21 1 304.877 97.1801 2587.12 1 196.343 -129.71 2617.7 1 401.889 -135.792 2564.61 1 221.792 -588.175 2647.48 1 240.235 -1020.19 2741.06 1 429.213 -593.378 2604.51 1 310.638 327.111 2583.08 1 405.647 -1032.92 2648.57 1
316.51 555.807 2572.05 1 135.595 335.068 2631.46 1 72.6327 6.00046 2647.09 1 488.31 323.641 2538.86 1 566.744 -5.50145 2517.72 1 54.6218 -301.222 2526.56 1 558.462 -286.331 2412.08 1 304.887 99.4247 2586.62 1 195.166 -127.18 2615.02 1 400.476 -133.831 2561.12 1 219.074 -586.14 2636.11 1 235.193 -1015.87 2739.62 1 427.146 -591.767 2597.28 1 311.953 329.355 2585.16 1 398.92 -1031.82 2631.64 1
317.224 554.981 2575.38 1 135.163 334.833 2632.22 1 72.8179 7.00041 2647.05 1 487.899 323.096 2539.7 1 565.374 -5.7509 2518.86 1 53.7099 -302.163 2530.41 1 557.709 -286.187 2409.04 1 303.8 99.0393 2585.65 1 193.408 -127.47 2612.27 1 398.729 -134.302 2558.42 1 217.477 -586.399 2634.85 1 234.649 -1016.42 2737.31 1 424.521 -592.225 2595.54 1 311.531 328.965 2585.96 1 398.846 -1032.15 2634.02 1
317.389 559.339 2578.54 1 135.353 338.969 2634.69 1 73.413 7.00231 2648.03 1 487.843 326.947 2541.27 1 567.688 -7.87742 2520.43 1 53.3406 -302.314 2532.09 1 557.087 -286.095 2405.97 1 303.521 103.033 2587.09 1 192.853 -123.393 2613.39 1 398.033 -130.391 2559.01 1 219.034 -581.951 2640.63 1 235.308 -1011.89 2743.75 1 426.119 -587.815 2600.21 1 311.598 332.958 2587.98 1 400.919 -1028.05 2635.91 1
316.986 560.185 2578.12 1 135.033 340.428 2635.15 1 72.7099 7.0022 2648.02 1 487.182 328.17 2540.48 1 568.844 -7.43961 2519.71 1 53.1028 -301.872 2528.78 1 559.568 -285.668 2406.53 1 302.925 104.369 2587.15 1 192.25 -121.992 2614.03 1 397.234 -129.127 2558.93 1 218.281 -580.703 2639.14 1 235.004 -1011.58 2738.18 1 424.573 -586.891 2596.76 1 311.107 334.299 2587.82 1 403.067 -1026.75 2638.66 1
316.908 556.491 2578.91 1 134.506 336.591 2634.64 1 72.853 6.49875 2649.51 1 487.01 324.693 2541.26 1 568.923 -7.71718 2521.87 1 53.1868 -302.163 2528.42 1 558.519 -285.82 2407.37 1 302.688 100.708 2586.78 1 192.022 -125.764 2612.79 1 397.212 -132.69 2558.44 1 219.87 -584.525 2634.91 1 233.169 -1012.76 2744.75 1 427.255 -590.325 2595.85 1 310.758 330.642 2587.95 1 401.904 -1029.59 2641.81 1
316.907 558.285 2578.28 1 134.486 338.307 2635.25 1 72.9267 9.25412 2647.23 1 486.962 326.324 2541.76 1 569.458 -8.36265 2523.4 1 57.3119 -298.579 2527.41 1 557.658 -286.125 2406.58 1 302.668 102.377 2587.6 1 192.025 -124.074 2613.91 1 397.199 -131.049 2559.49 1 219.852 -582.745 2638.02 1 233.532 -1010.6 2749.62 1 426.124 -588.49 2600.02 1 310.724 332.316 2588.5 1 402.461 -1028.18 2642.97 1
316.242 555.891 2577.98 1 133.362 335.232 2634.36 1 71.9622 7.62966 2647.6 1 486.077 323.022 2541.8 1 569.733 -8.18377 2521.7 1 55.0771 -299.536 2527.95 1 557.313 -285.909 2405.81 1 301.591 99.1896 2587.44 1 190.806 -127.195 2613.73 1 396.119 -134.302 2559.86 1 218.736 -586.065 2633.24 1 232.434 -1013.6 2746.21 1 423.537 -592.258 2595 1 309.72 329.127 2588.08 1 403.381 -1031.58 2643.03 1
316.087 555.549 2577.84 1 134.652 335.287 2635.2 1 72.9849 6.81647 2647.3 1 487.112 322.838 2541.71 1 567.866 -7.09333 2521.84 1 56.8462 -299.406 2527.08 1 557.795 -286.385 2408.28 1 302.652 99.1273 2588.05 1 191.839 -127.184 2614.85 1 397.004 -134.431 2560.43 1 221.67 -585.525 2641.6 1 234.423 -1016.48 2739.78 1 425.745 -592.096 2598.38 1 310.882 329.063 2588.46 1 403.444 -1032.1 2637.94 1
316.833 557.051 2577.76 1 134.716 337.961 2636.09 1 72.9954 5.41019 2648.65 1 486.986 325.26 2541.92 1 569.932 -7.04842 2521.91 1 54.8247 -300.561 2526.56 1 560.19 -285.557 2407.99 1 302.587 101.676 2589.1 1 191.795 -124.562 2616.61 1 396.849 -131.955 2561.79 1 219.897 -583.189 2640.66 1 235.378 -1014.18 2738.92 1 424.57 -590.033 2595.12 1 310.851 331.61 2589.01 1 402.975 -1029.48 2641.02 1
317.199 554.441 2577.74 1 134.798 335.057 2635.13 1 73.9977 8.70535 2649.32 1 487.253 322.328 2541.65 1 569.972 -5.52444 2521.47 1 57.789 -296.981 2524.25 1 559.508 -285.772 2411.6 1 302.68 98.761 2588.23 1 191.753 -127.466 2615.28 1 396.914 -134.875 2560.87 1 219.816 -585.89 2643.13 1 234.209 -1018.51 2734.17 1 424.987 -593.093 2592.14 1 311.026 328.693 2588.39 1 403.249 -1031.93 2643.59 1
317.872 556.725 2577.68 1 135.551 336.788 2635.34 1 73.5111 7.36459 2648.14 1 487.945 323.928 2541.66 1 566.987 -5.27429 2520.18 1 55.3328 -298.82 2523.48 1 559.327 -286.081 2413.8 1 303.366 100.427 2588.54 1 192.421 -125.76 2615.84 1 397.547 -133.246 2561.3 1 220.253 -584.008 2646.81 1 238.547 -1017.8 2731.36 1 425.345 -591.681 2589.54 1 311.748 330.358 2588.5 1 403.952 -1030.23 2643.84 1
319.503 557.886 2578.2 1 136.428 337.887 2636.85 1 73.2588 7.18334 2647.58 1 488.502 324.965 2541.98 1 567.993 -7.63799 2523.09 1 54.3016 -300.661 2525.77 1 557.923 -285.685 2408.57 1 303.92 101.502 2589.02 1 192.905 -124.661 2616.24 1 397.846 -132.183 2561.01 1 220.703 -583.131 2643.81 1 235.925 -1016.2 2732.73 1 425.749 -590.546 2590.45 1 312.465 331.426 2589.41 1 403.142 -1029.13 2644.18 1
319.194 556.768 2577.96 1 136.026 336.99 2636.09 1 73.1361 8.09648 2647.29 1 488.232 323.821 2541.74 1 567.008 -6.32427 2521.57 1 56.2882 -300.437 2526.78 1 558.301 -286.623 2411.01 1 303.363 100.49 2588.28 1 192.09 -125.592 2615.11 1 397.106 -133.257 2560.19 1 219.41 -584.141 2642.05 1 234.177 -1018.66 2723.59 1 424.952 -591.388 2593.01 1 312.129 330.406 2588.91 1 401.021 -1030.73 2638.89 1
318.14 557.172 2578.33 1 135.148 337.404 2637.4 1 73.07 7.04692 2647.15 1 486.774 324.327 2540.92 1 566.504 -6.66059 2520.78 1 54.5687 -301.19 2526.38 1 557.589 -286.456 2408.47 1 302.378 100.943 2589.05 1 191.454 -125.173 2617.01 1 396.137 -132.786 2560.85 1 219.683 -583.552 2645.88 1 235.33 -1018.49 2725.27 1 424.519 -590.769 2595.31 1 310.961 330.866 2589.16 1 403.34 -1030.07 2643.16 1
318.496 556.708 2578.51 1 135.449 337.003 2635.45 1 73.0352 10.0228 2647.57 1 488.109 324.072 2542.88 1 567.754 -7.32946 2523.39 1 57.9948 -298.178 2528.37 1 557.965 -286.676 2409.61 1 303.273 100.612 2588.88 1 192.121 -125.55 2615.53 1 397.413 -133.077 2561.65 1 219.372 -584.346 2636.77 1 236.767 -1017.21 2726.07 1 430.887 -590.429 2599.32 1 311.779 330.538 2589.16 1 402.311 -1030.17 2636.77 1
319.884 555.952 2579.12 1 136.485 336.481 2636.4 1 73.5232 11.5129 2648.8 1 489.031 323.428 2543.37 1 568.88 -6.16628 2523.7 1 64.1253 -294.061 2526.64 1 561.281 -285.892 2411.52 1 304.031 100.038 2589.07 1 192.7 -126.078 2615.34 1 397.908 -133.676 2561.18 1 219.047 -585.078 2633.68 1 238.406 -1013.93 2739.23 1 431.288 -590.579 2603.97 1 312.758 329.954 2589.89 1 400.601 -1031.01 2628.13 1
318.725 556.912 2580.42 1 135.718 337.452 2637.18 1 73.7663 12.2557 2649.42 1 488.211 324.439 2543.92 1 567.442 -6.58255 2522.86 1 62.5345 -293.887 2533.48 1 559.68 -285.658 2410.91 1 303.141 101.035 2589.28 1 191.728 -125.087 2615.16 1 396.909 -132.662 2560.87 1 217.048 -584.216 2632.15 1 236.716 -1011.9 2742.93 1 425.396 -590.542 2594.98 1 311.964 330.945 2590.55 1 402.235 -1029.74 2637.55 1
319.468 556.601 2579.56 1 136.444 337.331 2635.93 1 72.8813 11.1303 2648.2 1 489.231 324.034 2543.81 1 567.222 -5.29342 2522.43 1 61.6 -293.339 2533.19 1 562.101 -285.43 2412.96 1 303.974 100.772 2589.11 1 192.433 -125.269 2615.17 1 397.787 -133.009 2561.54 1 218.73 -584.312 2633.24 1 236.588 -1013.06 2740.57 1 425.761 -591.136 2593.53 1 312.837 330.682 2589.87 1 404.699 -1030.57 2637.8 1
317.573 557.065 2580.14 1 134.307 337.65 2636.36 1 73.4407 9.56231 2647.61 1 487.052 324.651 2544.03 1 569.11 -6.64373 2520.73 1 60.9025 -292.987 2530.86 1 560.536 -285.52 2414.13 1 301.835 101.243 2588.77 1 190.326 -124.882 2614.22 1 395.655 -132.448 2560.48 1 215.713 -583.666 2638.33 1 236.621 -1015.77 2729.36 1 422.752 -590.874 2589.09 1 310.68 331.15 2590.19 1 400.858 -1029.79 2638.93 1
319.106 555.573 2580.42 1 135.552 335.737 2634.13 1 73.2211 7.78045 2646.3 1 489.123 322.549 2545.1 1 567.057 -6.32096 2521.37 1 60.9767 -292.843 2525.39 1 561.375 -283.9 2407.2 1 303.345 99.2424 2587.96 1 191.442 -126.82 2612.21 1 397.262 -134.497 2560.39 1 213.872 -585.852 2634.71 1 252.913 -1015.25 2731.29 1 425.357 -592.921 2588.44 1 312.338 329.143 2589.61 1 406.113 -1031.44 2643.15 1
320.519 556.607 2579.05 1 136.808 337.435 2633.44 1 73.1086 6.89278 2647.64 1 490.629 323.978 2545.43 1 569.029 -7.16263 2522.68 1 60.7017 -292.821 2526.15 1 560.378 -285.447 2411.54 1 304.706 100.803 2588.36 1 192.717 -125.184 2612.89 1 398.67 -133.016 2561.66 1 216.823 -584.1 2636.29 1 245.907 -1011.67 2744.06 1 425.759 -590.943 2597.09 1 313.719 330.707 2589.44 1 405.238 -1030.76 2637.87 1
320.574 557.152 2578.37 1 137.545 337.964 2633.25 1 73.5602 7.94911 2647.33 1 491.203 324.358 2544.58 1 570.014 -7.5839 2523.82 1 60.5514 -292.328 2528.03 1 559.333 -285.842 2411.27 1 305.288 101.26 2587.95 1 193.273 -124.682 2612.8 1 399.133 -132.602 2561.19 1 218.252 -583.732 2632.16 1 241.004 -1010.72 2744.55 1 425.217 -590.626 2596.58 1 314.374 331.161 2588.91 1 403.614 -1030.44 2638.37 1
320.46 557.855 2577.53 1 137.403 338.563 2634.9 1 74.2828 4.9725 2648.66 1 490.253 325.151 2543.09 1 570.508 -8.78971 2522.41 1 57.1212 -296.739 2531.64 1 557.632 -285.751 2407.32 1 304.972 101.946 2588.55 1 193.416 -124.063 2614.82 1 398.815 -131.87 2561.37 1 217.058 -582.925 2639.27 1 242.431 -1012.05 2742.93 1 423.573 -590.154 2594.41 1 313.828 331.857 2589 1 403.686 -1029.9 2638.41 1
319.422 557.173 2578.12 1 136.202 337.652 2634.12 1 72.6437 6.98536 2648.33 1 489.312 324.177 2543.3 1 567.258 -7.39403 2518.71 1 59.0452 -295.302 2533.33 1 557.755 -286.167 2407.47 1 303.624 101.019 2587.31 1 191.723 -124.954 2612.35 1 397.262 -132.798 2559.48 1 216.216 -583.765 2637.34 1 236.96 -1015.09 2732.7 1 424.942 -590.054 2601.85 1 312.757 330.915 2588.71 1 400.04 -1030.51 2631.67 1
318.597 555.936 2577.41 1 136.145 337.681 2635.34 1 73.3261 8.49317 2648.17 1 488.479 323.044 2541.76 1 565.631 -9.19754 2518.35 1 63.1625 -293.18 2532.83 1 556.156 -286.058 2401.62 1 302.509 100.493 2587.6 1 190.158 -125.117 2613.88 1 395.254 -133.637 2559.4 1 217.147 -583.876 2637.22 1 236.129 -1013.76 2739.48 1 423.515 -591.434 2595.15 1 312.312 330.363 2588.55 1 399.829 -1030.86 2637.83 1
319.336 557.137 2577.05 1 136.751 338.455 2635.85 1 72.6669 4.24733 2647.59 1 488.657 323.224 2540.74 1 568.317 -9.59944 2517.67 1 58.3339 -296.566 2530.98 1 556.564 -286.691 2401.84 1 302.651 100.978 2587.91 1 190.179 -124.45 2615.2 1 395.018 -133.316 2559.84 1 220.128 -582.83 2641.92 1 235.779 -1015.41 2732.3 1 429.09 -590.492 2598.45 1 312.704 330.839 2588.29 1 399.648 -1030.2 2635.25 1
320.898 559.175 2577.38 1 138.265 340.328 2634.75 1 73.3339 2.12289 2647.29 1 490.798 325.082 2542.01 1 568.661 -8.79878 2519.84 1 55.7073 -299.439 2529.94 1 556.278 -286.34 2401.95 1 304.403 102.847 2587.66 1 191.67 -122.574 2613.94 1 396.878 -131.449 2559.95 1 219.377 -581.35 2635.45 1 241.204 -1012.69 2730.65 1 428.593 -588.862 2598.28 1 314.532 332.705 2588.38 1 405.088 -1028.56 2639.83 1
321.517 558.224 2577.54 1 138.785 339.078 2632.83 1 73.6687 2.0598 2647.14 1 491.92 323.79 2542.42 1 566.334 -6.39768 2518.43 1 54.7632 -300.989 2530.51 1 556.318 -286.336 2402.31 1 305.051 101.587 2586.25 1 191.97 -123.811 2611.2 1 397.528 -132.71 2558.57 1 217.942 -582.805 2630.46 1 241.012 -1011.04 2738.16 1 424.637 -590.994 2588.03 1 315.352 331.434 2587.62 1 405.865 -1029.41 2642.34 1
323.294 555.717 2578.12 1 140.037 336.855 2633.44 1 74.3364 4.02958 2648.59 1 492.877 321.702 2541.83 1 565.165 -5.19832 2517.71 1 57.6624 -297.418 2526.68 1 556.752 -286.439 2404.92 1 306.126 99.4348 2585.86 1 193.103 -125.998 2610.75 1 398.486 -134.819 2557.43 1 219.295 -584.752 2634.71 1 238.304 -1014.15 2739.01 1 424.688 -593.044 2589.46 1 316.457 329.278 2587.63 1 405.01 -1031.72 2642.52 1
324.265 557.007 2577.91 1 140.944 337.836 2634 1 74.6697 2.01495 2647.8 1 493.274 322.767 2540.44 1 564.08 -5.09904 2514.35 1 55.0766 -298.754 2523.39 1 556.568 -286.441 2404.1 1 306.768 100.459 2585.29 1 193.881 -124.998 2610.6 1 398.971 -133.769 2556.14 1 219.969 -583.819 2633.74 1 237.3 -1013.31 2738.3 1 427.55 -591.007 2597.8 1 317.109 330.301 2587.22 1 402.347 -1030.84 2633.9 1
323.43 555.736 2568.8 1 140.427 337.528 2630.63 1 74.3309 2.01225 2648.4 1 492.948 321.323 2537.97 1 564.033 -6.05353 2515.17 1 54.0846 -299.97 2522.77 1 556.489 -286.367 2403.45 1 306.721 99.6079 2586.57 1 194.155 -125.493 2615.81 1 399.353 -134.926 2561.88 1 217.39 -584.522 2637.87 1 240.603 -1014.05 2741.16 1 426.211 -592.478 2601.94 1 316.688 329.425 2584.3 1 403.774 -1032.13 2643.74 1
322.019 553.177 2573.25 1 138.577 335.683 2632.79 1 74.1599 2.01199 2647.71 1 490.367 319.748 2537.38 1 564.009 -7.03175 2516.09 1 53.4212 -300.419 2520.64 1 555.886 -285.789 2401.6 1 304.19 97.8891 2585.56 1 191.519 -127.299 2613.8 1 396.298 -136.575 2558.26 1 216.716 -586.362 2632.68 1 236.862 -1017.03 2731.84 1 421.97 -594.762 2590.9 1 314.472 327.716 2585.08 1 400.811 -1034.43 2634.47 1
323.028 558.257 2575.48 1 140.247 339.444 2631.48 1 74.0858 8.00085 2646.36 1 493.113 325.086 2539.94 1 566.011 -6.51103 2513.05 1 57.2047 -297.586 2529.11 1 559.661 -283.949 2402.19 1 307.134 102.399 2584.97 1 194.883 -123.289 2610.87 1 400.294 -131.647 2557.58 1 223.642 -581.858 2635.09 1 239.666 -1013.34 2731.46 1 431.763 -588.448 2601.11 1 316.68 332.265 2585.71 1 404.964 -1028.88 2627.23 1
323.951 554.186 2568.59 1 141.253 334.543 2626.43 1 73.5276 11.5135 2647.18 1 495.095 320.377 2538.72 1 566.99 -3.76699 2512.53 1 51.714 -292.397 2530.65 1 563.165 -282.245 2405.57 1 309.468 97.5769 2584.58 1 197.776 -128.183 2612.12 1 403.748 -136.429 2561.06 1 221.141 -587.226 2632.52 1 239.754 -1013.83 2746.8 1 429.618 -593.91 2601.74 1 318.174 327.46 2582.58 1 405.36 -1033.87 2638.05 1
325.25 552.654 2563.64 1 143.037 332.565 2623.52 1 70.7589 10.2605 2647.09 1 497.233 318.228 2537.21 1 570.99 -3.38666 2511.76 1 41.6607 -289.638 2527.87 1 563.286 -279.781 2397.8 1 311.823 95.5224 2584.44 1 200.429 -130.179 2613.64 1 406.595 -138.525 2563.4 1 221.382 -589.192 2637.48 1 241.38 -1019.95 2733.88 1 426.01 -597.134 2591.25 1 320.135 325.397 2580.36 1 408.513 -1034.64 2649.35 1
327.852 551.742 2563.17 1 144.249 332.412 2621.49 1 65.8806 12.6295 2652.54 1 498.986 317.902 2537.46 1 582.998 0.307542 2505.39 1 28.4462 -280.18 2526.51 1 576.315 -274.59 2387.98 1 313.082 95.2732 2583.14 1 201.302 -130.388 2611.26 1 407.79 -138.834 2562.34 1 218.757 -589.729 2631.25 1 239.54 -1020.4 2729.24 1 425.503 -597.482 2592.88 1 321.618 325.157 2579.47 1 404.157 -1036.29 2640.99 1
329.179 557.208 2570.45 1 144.745 339.279 2627.49 1 59.9193 13.8354 2654.78 1 498.044 322.757 2538.1 1 592.979 6.13544 2502.72 1 11.4332 -272.579 2522.01 1 594.443 -263.002 2378.47 1 310.867 101.208 2583.66 1 197.503 -123.792 2610.55 1 403.177 -133.41 2558.51 1 212.968 -583.292 2628.99 1 237.208 -1013.86 2727.24 1 423.591 -591.676 2593.54 1 321.394 331.018 2582.79 1 396.775 -1030.82 2637.54 1
329.536 561.141 2573.58 1 144.723 343.662 2629.34 1 52.9597 17.9213 2658.4 1 497.498 326.332 2537.97 1 599.488 14.0644 2496.86 1 -9.54128 -259.704 2513.94 1 615.914 -252.196 2367.44 1 309.8 105.211 2583.57 1 195.822 -119.532 2610.08 1 401.157 -129.619 2556.89 1 215.834 -578.804 2629.66 1 233.643 -1010.66 2723.6 1 428.405 -586.989 2597.98 1 321.111 334.997 2583.66 1 400.237 -1026.71 2636.18 1
330.123 559.739 2566.64 1 145.883 344.176 2625.57 1 39.4747 23.4664 2659.2 1 499.033 325.81 2535.81 1 614.737 26.0275 2489.43 1 -41.4212 -245.497 2507.16 1 644.912 -234.089 2352.48 1 311.149 105.226 2583.21 1 197.061 -119.196 2611.85 1 402.62 -129.887 2559.61 1 209.792 -578.891 2619.71 1 235.436 -1007.15 2726.51 1 434.947 -587.205 2597.91 1 322.458 334.993 2580.69 1 403.777 -1026.15 2642.54 1
329.812 561.327 2563.16 1 146.383 346.227 2624.76 1 16.2422 35.7295 2662.6 1 499.002 327.627 2532.97 1 645.372 46.5171 2475.71 1 -93.7196 -214.425 2499.71 1 694.838 -200.116 2322.39 1 311.661 107.164 2583.05 1 198.003 -117.185 2613.94 1 403.257 -128.012 2560.51 1 195.069 -576.857 2612.18 1 223.326 -1006.19 2714.53 1 430.422 -585.325 2602.78 1 322.693 336.927 2578.87 1 405.028 -1025.59 2635.15 1
328.33 563.392 2561.93 1 145.48 348.713 2624.97 1 -9.87644 56.8638 2660.8 1 497.632 330.01 2531.41 1 669.685 71.7595 2467.34 1 -151.034 -182.198 2508.13 1 744.057 -157.049 2298.73 1 310.636 109.598 2583.01 1 197.224 -114.722 2615.07 1 402.207 -125.609 2560.61 1 176.044 -573.767 2610.56 1 194.409 -982.638 2689.35 1 426.332 -583.408 2599.66 1 321.556 339.361 2578.19 1 402.697 -1023.4 2637.91 1
325.246 565.203 2562.81 1 143.592 350.525 2628.43 1 -35.4339 78.9268 2663.4 1 494.361 332.606 2529.78 1 689.846 93.8845 2461.66 1 -200.648 -147.125 2519.22 1 783.373 -116.656 2279.24 1 308.775 111.78 2584.57 1 196.474 -112.789 2618.75 1 400.673 -123.221 2561.33 1 157.878 -570.627 2611.41 1 158.845 -964.618 2680.8 1 425.104 -580.81 2602.91 1 318.977 341.565 2579.1 1 401.194 -1021.05 2639.06 1
317.405 560.27 2551.75 1 138.587 345.214 2624.55 1 -68.7105 104.954 2671.69 1 489.033 328.663 2524.46 1 715.434 123.95 2454.83 1 -269.331 -90.6683 2531.75 1 840.848 -44.9607 2252.46 1 305.872 107.281 2584.69 1 195.942 -117.56 2624 1 399.925 -127.194 2565.74 1 121.96 -569.911 2625.46 1 92.7515 -962.549 2678.31 1 420.434 -585.609 2598.52 1 313.81 336.939 2574.51 1 404.272 -1024.01 2652.38 1
305.326 557.793 2548.22 1 128.087 341.854 2623.73 1 -111.355 142.473 2677.84 1 478.089 326.895 2521.83 1 737.218 161.479 2446.41 1 -345.455 -18.7941 2547.02 1 891.24 45.2315 2231.73 1 296.599 104.706 2584.21 1 188.244 -120.609 2625.29 1 391.974 -129.316 2565.98 1 74.4091 -563.337 2637.77 1 -1.05709 -952.942 2674.82 1 400.66 -588.345 2593.24 1 303.088 334.374 2572.78 1 400.651 -1026.27 2652.38 1
293.778 557.312 2544.94 1 118.947 341.545 2625.03 1 -146.668 173.723 2683.9 1 467.498 328.489 2518.13 1 747.62 195.251 2441.69 1 -406.798 42.2942 2565.13 1 930.364 118.386 2231.79 1 288.611 105.381 2584.6 1 182.548 -120.455 2628.73 1 385.454 -128.055 2566.5 1 46.9158 -557.623 2648.05 1 -74.3773 -953.295 2676.71 1 396.498 -586.98 2596.38 1 293.222 335.017 2571.58 1 401.97 -1025.59 2651.8 1
281.873 556.31 2551.82 1 108.436 338.077 2627.85 1 -170.839 201.366 2686.46 1 456.571 329.469 2519.17 1 753.297 224.121 2438.83 1 -448.637 91.3767 2576.49 1 954.111 183.674 2231.63 1 279.752 103.95 2582.9 1 175.675 -123.368 2623.92 1 378.325 -128.378 2560.66 1 25.2746 -555.57 2655.61 1 -138.733 -953.644 2665.34 1 386.784 -587.56 2588.21 1 282.503 333.773 2573.51 1 403.433 -1025.79 2644.61 1
258.752 547.989 2546.3 1 89.9886 326.684 2621.88 1 -204.943 238.706 2690.25 1 439.995 325.179 2519.38 1 756.138 266.542 2442.98 1 -502.884 164.002 2594.18 1 971.836 260.737 2246.33 1 267.253 96.2139 2581.72 1 167.618 -133.066 2622.65 1 371.409 -133.942 2562.98 1 -4.41422 -555.205 2671.81 1 -208.973 -958.561 2663.32 1 373.371 -593.149 2591.22 1 264.992 325.931 2570.63 1 402.124 -1030.72 2647.76 1
240.113 546.899 2553 1 72.7448 323.752 2625.03 1 -236.975 264.856 2695.64 1 422.348 326.396 2521.02 1 753.059 296.267 2445.48 1 -547.826 218.747 2600.18 1 983.759 314.728 2260.08 1 251.666 95.2388 2581.03 1 154.05 -135.366 2619.3 1 357.523 -133.827 2558.77 1 -37.1075 -549.344 2670.57 1 -265.04 -959.721 2659.39 1 356.334 -592.963 2588.65 1 247.546 325.074 2573.02 1 393.549 -1030.48 2641.04 1
220.653 542.504 2555.85 1 54.2247 317.429 2624.43 1 -267.479 283.422 2699.33 1 404.958 322.547 2524.31 1 744.037 316.14 2447.25 1 -586.027 261.535 2606.52 1 986.854 351.805 2271.64 1 234.779 90.097 2580.79 1 137.892 -141.284 2616.34 1 342.04 -138.305 2558.07 1 -61.8801 -551.938 2666.52 1 -300.357 -972.126 2655.41 1 342.119 -597.393 2589.08 1 229.591 319.988 2574.37 1 391.871 -1033.6 2641.53 1
198.991 540.496 2557.27 1 33.3187 314.832 2628.13 1 -299.239 293.706 2702.15 1 383.653 321.635 2526.59 1 728.521 328.575 2447.62 1 -620.827 293.59 2603.68 1 980.718 386.502 2287 1 215.349 88.4374 2585.65 1 120.259 -143.338 2623.48 1 324.167 -139.379 2564.39 1 -86.1881 -551.12 2672.97 1 -318.242 -982.163 2669.32 1 324.843 -598.361 2597.11 1 208.486 318.233 2577.36 1 393.793 -1031.36 2651.99 1
173.038 533.22 2549.5 1 10.2436 306.178 2625.19 1 -325.638 298.866 2702.08 1 361.547 316.582 2527.43 1 706.749 334.275 2447.84 1 -648.799 320.022 2606.3 1 963.599 405.383 2298.25 1 195.692 81.8077 2587.09 1 103.24 -150.792 2626.32 1 307.739 -144.736 2569.41 1 -104.763 -559.119 2663.92 1 -316.818 -989.011 2666.92 1 313.208 -603.861 2599.19 1 185.895 311.38 2576.31 1 394.079 -1035.09 2652.77 1
149.628 524.169 2554.12 1 -13.8819 296.214 2623.62 1 -351.297 302.422 2701.06 1 339.915 309.54 2536.28 1 681.394 338.652 2451.43 1 -674.126 340.148 2608.38 1 940.163 417.09 2308.8 1 173.973 73.2774 2589.3 1 81.9191 -160.202 2624.08 1 287.94 -152.442 2573.22 1 -132.211 -566.148 2652.57 1 -318.716 -991.681 2668.79 1 293.712 -611.648 2602.01 1 163.017 302.877 2579.95 1 389.218 -1039.84 2655.66 1
117.895 519.908 2556.87 1 -49.5843 293.429 2621.13 1 -387.695 302.739 2692 1 307.666 304.841 2550.41 1 649.15 328.791 2451.68 1 -711.567 347.083 2595.38 1 909.048 410.473 2322.08 1 138.637 69.5654 2597.2 1 44.6171 -163.314 2629.14 1 251.848 -156.694 2588.11 1 -177.604 -563.648 2654.47 1 -330.763 -983.918 2679.92 1 254.232 -616.086 2610.64 1 129.041 299.135 2585.77 1 373.846 -1036.96 2669.46 1
86.6096 521.997 2567.27 1 -83.5105 296.131 2624.4 1 -428.321 300.846 2684.98 1 275.234 305.353 2560.31 1 622.602 318.42 2454.33 1 -754.731 336.352 2589.71 1 884.202 397.236 2328.04 1 103.304 70.9818 2600.95 1 6.59922 -161.456 2628.15 1 214.892 -156.101 2590.94 1 -206.469 -567.856 2644.08 1 -328.821 -974.01 2675.41 1 230.211 -615.039 2588.54 1 95.8619 300.742 2592.36 1 357.87 -1032.2 2658 1
62.2437 522.467 2562.98 1 -108.748 296.721 2621.06 1 -452.69 300.445 2679.49 1 251.215 306.201 2563.63 1 595.773 305.686 2461.17 1 -776.663 328.108 2578.66 1 860.746 376.493 2334.53 1 79.1473 71.8546 2604.05 1 -17.5718 -160.507 2632.45 1 191.695 -154.996 2599.06 1 -210.326 -576.996 2643.95 1 -315.515 -973.499 2680.99 1 225.079 -612.84 2586.83 1 71.233 301.461 2592.34 1 359.898 -1029.22 2648.51 1
40.2561 530.98 2569.84 1 -131.295 303.518 2623 1 -469.342 298.22 2676.24 1 229.301 313.321 2569.1 1 571.89 290.346 2461.09 1 -792.346 317.283 2573.65 1 839.893 350.767 2333.7 1 56.8946 78.7584 2607.07 1 -40.0855 -153.754 2633.77 1 169.658 -148.052 2602.42 1 -223.796 -574.846 2636.86 1 -314.657 -966.456 2680.18 1 216.286 -604.199 2576.04 1 49.0029 308.42 2596.05 1 348.746 -1022.21 2633.06 1
25.3702 532.416 2573.77 1 -147.105 306.088 2624.56 1 -479.666 289.61 2676.62 1 213.865 314.499 2572.58 1 559.951 282.174 2461.55 1 -799.316 301.419 2574.15 1 830.751 329.597 2328.37 1 40.1917 80.5498 2608.7 1 -58.0141 -151.641 2633.95 1 152.021 -146.747 2603.71 1 -227.041 -578.917 2638.8 1 -310.492 -970.494 2680.1 1 206.025 -602.134 2572.48 1 33.3801 310.294 2598.57 1 343.831 -1019.3 2623.18 1
11.0599 530.767 2567.24 1 -161.316 304.257 2619.74 1 -493.358 280.824 2670.31 1 200.408 313.448 2573.53 1 543.951 271.067 2464.28 1 -807.559 286.967 2555.52 1 817.151 304.461 2328.51 1 27.0632 79.2998 2609.82 1 -70.6886 -152.928 2636.46 1 139.849 -147.578 2609.56 1 -229.453 -584.277 2644.05 1 -306.459 -973.59 2683.46 1 203.878 -601.533 2574.63 1 19.5459 308.853 2596.63 1 343.767 -1018.09 2625.52 1
6.85814 535.846 2572.47 1 -168.581 311.741 2622.67 1 -502.179 268.914 2664.15 1 193.227 315.498 2576.34 1 521.978 256.032 2469.65 1 -810.508 255.062 2535.4 1 793.009 262.914 2327.09 1 16.2538 83.9314 2611.58 1 -85.1116 -146.85 2637.13 1 125.481 -144.663 2610.17 1 -236.257 -581.13 2640.63 1 -308.802 -967.062 2682.15 1 197.584 -596.763 2567.19 1 12.323 313.619 2599.51 1 339.662 -1012.47 2619.39 1
5.99109 533.472 2575.09 1 -171.141 310.784 2623.06 1 -507.586 251.96 2658.07 1 190.734 311.977 2576.87 1 511.993 239.514 2477.83 1 -814.9 225.817 2523.52 1 774.263 229.606 2319.33 1 11.9516 81.6 2610.92 1 -91.2031 -148.528 2635.31 1 119.417 -147.833 2608.43 1 -231.02 -586.594 2635.51 1 -299.782 -975.747 2681.41 1 202.945 -597.882 2564.38 1 9.7962 311.38 2599.96 1 345.5 -1013.75 2614.15 1
9.86469 534.355 2577.39 1 -168.846 313.016 2624.69 1 -499.29 237.984 2652.54 1 192.976 311.266 2578.02 1 497 229.753 2489.92 1 -802.951 204.957 2518.58 1 752.359 210.798 2315.44 1 12.2467 82.3025 2611.38 1 -92.8738 -147.027 2634.99 1 117.73 -148.045 2607.82 1 -226.073 -587.143 2627.68 1 -295.01 -972.533 2683.29 1 206.914 -596.93 2561.79 1 12.0652 312.141 2601.36 1 352.015 -1011.17 2617.21 1
18.4221 532.658 2577.55 1 -162.648 312.295 2624.66 1 -483.643 229.495 2647.77 1 199.119 307.389 2577.73 1 488.003 216.874 2495.47 1 -781.452 183.366 2514.71 1 740.751 186.778 2315.84 1 16.3038 79.973 2610.34 1 -90.9168 -148.468 2633.14 1 119.661 -151.324 2605.83 1 -217.406 -590.614 2624.13 1 -291.217 -972.456 2679.45 1 212.941 -599.729 2562.6 1 18.2356 309.842 2601.19 1 357.255 -1014.87 2613.11 1
28.2246 530.803 2577.63 1 -154.716 311.927 2625.66 1 -474.82 215.25 2639.38 1 206.894 303.103 2578.14 1 485.504 205.434 2505.24 1 -765.27 155.06 2503.83 1 734.019 172.752 2314.71 1 21.577 77.6554 2610.25 1 -88.1817 -149.636 2632.42 1 122.311 -154.772 2604.76 1 -209.651 -593.298 2626.48 1 -290.855 -974.174 2678.43 1 220.967 -602.479 2566.46 1 26.0891 307.515 2601.9 1 358.282 -1020.19 2614.98 1
44.6719 529.212 2577.67 1 -141.601 314.25 2625.98 1 -462.408 204.127 2634.2 1 219.574 298.356 2577.4 1 491.254 198.716 2507.63 1 -744.975 125.489 2501.46 1 737.838 152.249 2310.08 1 30.0308 76.611 2610.25 1 -84.0584 -148.455 2632.96 1 126.209 -157.708 2604.68 1 -198.15 -594.096 2630.52 1 -291.176 -973.82 2680.1 1 231.391 -603.598 2562.77 1 38.9866 306.303 2601.69 1 359.106 -1022.24 2625.03 1
74.411 528.152 2578.3 1 -115.84 319.178 2632.99 1 -429.177 183.062 2633.22 1 242.394 292.853 2571.48 1 509.153 182.866 2508.43 1 -700.923 92.8808 2495.41 1 753.296 120.572 2302.67 1 48.1216 76.7594 2612.08 1 -71.3956 -144.827 2639.85 1 137.328 -160.166 2604.02 1 -175.424 -592.835 2643.32 1 -283.503 -971.872 2680.67 1 258.472 -601.444 2559.2 1 63.2771 306.015 2602.23 1 372.077 -1022.44 2631.14 1
102.607 531.456 2578.52 1 -88.9675 324.82 2636.15 1 -396.576 168.525 2639.14 1 267.849 293.665 2568.25 1 526.089 172.94 2506.74 1 -659.607 72.6048 2493.77 1 761.485 93.2832 2294.2 1 71.5664 80.2037 2613.36 1 -50.1224 -139.771 2644.28 1 157.506 -157.899 2604.76 1 -148.88 -589.042 2643.22 1 -278.427 -970.692 2671.21 1 290.34 -595.979 2561.47 1 89.4409 309.242 2602.2 1 382.145 -1022.61 2629.19 1
130.459 533.417 2578.13 1 -60.8377 328.773 2640.3 1 -363.278 161.259 2640.09 1 293.83 294.49 2563.17 1 542.055 164.975 2508.39 1 -622.148 53.3726 2497.98 1 768.707 68.3384 2291.5 1 96.9603 82.7348 2613.64 1 -25.7956 -136.184 2648 1 180.644 -156.139 2603.11 1 -122.136 -586.046 2644.93 1 -277.45 -973.299 2660.08 1 312.894 -594.152 2555.86 1 116.496 311.632 2601.73 1 385.671 -1023.79 2627.47 1
168.511 536.176 2578.38 1 -20.9656 328.178 2642.04 1 -317.173 146.652 2641.51 1 331.307 298.047 2553.4 1 560.987 146.967 2506.15 1 -568.268 28.1923 2499.43 1 776.433 25.9946 2289.87 1 137.988 83.9205 2607.34 1 18.1553 -136.492 2642.79 1 223.455 -154.052 2591.13 1 -81.506 -586.208 2627.14 1 -240.408 -984.811 2652.85 1 343.075 -593.88 2546.16 1 155.171 313.113 2597.72 1 407.478 -1022.28 2632.37 1
198.344 539.72 2569.04 1 8.35471 333.821 2638.59 1 -277.57 134.817 2639.77 1 359.797 300.746 2547.1 1 573.506 131.991 2504.57 1 -521.049 4.36579 2500.94 1 778.177 -6.83785 2290.23 1 165.876 88.3309 2605.7 1 45.3732 -130.994 2645.19 1 249.98 -150.25 2591.93 1 -64.9537 -577.816 2634.07 1 -224.374 -983.274 2653.89 1 348.053 -597.003 2565.17 1 184.076 317.284 2592.84 1 397.285 -1028.89 2643.89 1
222.209 544.874 2564.86 1 32.4478 338.783 2636.74 1 -242.284 123.406 2638.88 1 383.599 305.918 2543.67 1 587.253 118.498 2504.78 1 -481.582 -20.1734 2511.54 1 783.489 -38.7668 2298.07 1 190.314 93.407 2604.24 1 70.4005 -125.971 2645.35 1 274.809 -145.102 2591.18 1 -37.014 -573.114 2627.46 1 -177.887 -988.238 2646.96 1 359.614 -595.263 2562.71 1 208.023 322.351 2590.2 1 399.77 -1027.69 2644.96 1
244.657 548.199 2571.29 1 53.2834 342.085 2638.49 1 -212.656 114.717 2635.95 1 403.757 309.526 2542.65 1 595.61 107.738 2505.89 1 -440.718 -43.3826 2509.25 1 781.796 -66.0338 2303.73 1 209.975 96.74 2600.57 1 89.4216 -122.849 2638.47 1 293.438 -141.802 2582.68 1 -10.9108 -569.809 2600.16 1 -125.012 -989.721 2654.01 1 364.312 -595.047 2560.15 1 228.52 325.806 2590.57 1 392.681 -1029.76 2634.9 1
262.718 549.406 2565.49 1 71.4847 344.664 2636.7 1 -183.815 103.852 2633.98 1 421.059 309.122 2538.62 1 601.313 99.3743 2504.94 1 -404.644 -64.1174 2508.34 1 768.327 -96.4899 2311.28 1 226.658 98.0645 2600.67 1 105.296 -120.419 2642.23 1 308.791 -141.109 2585.14 1 13.979 -568.124 2591.97 1 -69.6121 -991.506 2670.76 1 369.786 -596.337 2578.82 1 246.272 326.893 2587.66 1 387.859 -1032.79 2646.63 1
286.353 552.302 2562.09 1 92.3352 349.127 2632.75 1 -145.909 83.9273 2631.98 1 442.395 309.806 2537.92 1 602.156 82.6849 2507.96 1 -346.289 -103.261 2502.04 1 748.898 -138.493 2330.55 1 245.406 100.882 2599.05 1 121.557 -116.258 2640.37 1 325.337 -139.147 2585.17 1 53.7264 -564.352 2568.74 1 19.9134 -987.053 2674.13 1 386.887 -594.74 2582.09 1 267.365 329.467 2585.33 1 384.973 -1031.58 2648.14 1
301.022 556.473 2562.4 1 107.507 351.383 2630.19 1 -114.951 69.9599 2631.49 1 458.729 313.502 2539.12 1 606.583 67.8462 2510.48 1 -300.983 -131.849 2500.05 1 732.581 -172.414 2343.67 1 261.776 103.732 2597.48 1 138.212 -113.954 2636.82 1 342.657 -136.005 2583.81 1 86.7303 -563.316 2557.84 1 86.7614 -986.067 2673.52 1 395.852 -592.772 2585.09 1 283.118 332.442 2584.66 1 384.35 -1029.6 2651.74 1
316.393 560.805 2560.55 1 122.503 354.654 2626.13 1 -87.976 60.9787 2635.25 1 474.781 318.132 2538.64 1 603.792 52.425 2512.25 1 -251.892 -157.101 2499.61 1 713.658 -205.032 2358.77 1 278.038 107.59 2594.93 1 154.905 -110.584 2632.95 1 359.962 -131.843 2582.02 1 117.353 -561.032 2550.7 1 139.607 -982.926 2672.82 1 399.777 -589.799 2590.4 1 298.642 336.393 2582.38 1 389.679 -1028.23 2646.5 1
327.75 559.201 2568.63 1 131.988 352.229 2624.95 1 -60.4533 48.4603 2638.64 1 485.761 318.206 2542.75 1 598.93 42.7359 2514.62 1 -203.679 -188.78 2505.82 1 693.471 -228.733 2374.18 1 288.704 106.211 2591.82 1 165.561 -112.893 2623.73 1 371.506 -132.699 2575.87 1 135.312 -565.332 2548.25 1 177.723 -988.192 2664.61 1 398.86 -591.079 2596.11 1 308.874 335.217 2583.85 1 389.276 -1030.81 2641.34 1
336.201 556.688 2564.66 1 139.156 350.499 2621.45 1 -39.2277 39.2346 2645.31 1 493.27 314.726 2541.37 1 591.964 33.8635 2520.8 1 -159.192 -216.114 2511.57 1 669.275 -247.982 2389.18 1 295.167 103.709 2590.6 1 171.064 -114.783 2623.1 1 377.177 -135.605 2576.48 1 151.343 -569.331 2557.37 1 210.476 -990.687 2674.18 1 402.812 -593.748 2606 1 316.213 332.613 2581.41 1 372.642 -1031.72 2655.64 1
342.907 557.428 2553.17 1 144.852 352.503 2615.26 1 -18.1328 30.1381 2647.66 1 499.475 313.912 2538.85 1 586.953 24.9149 2526.38 1 -117.424 -238.836 2512.09 1 652.354 -264.62 2406.81 1 300.322 104.664 2591.11 1 175.267 -112.648 2627.41 1 381.694 -135.112 2582.93 1 163.026 -568.139 2565.4 1 247.044 -983.999 2686.09 1 410.617 -593.073 2614.67 1 322.163 333.207 2577.06 1 358.582 -1028.46 2666.85 1
346.382 559.216 2547.43 1 147.78 354.586 2613.45 1 -1.06349 23.5704 2649.33 1 502.22 314.268 2536.98 1 585.477 16.9554 2529.18 1 -85.6887 -257.643 2514.31 1 632.165 -277.55 2414.33 1 302.505 106.06 2591.35 1 176.857 -110.573 2629.75 1 383.162 -134.041 2585.23 1 175.745 -565.877 2565.12 1 259.285 -981.876 2688.13 1 413.273 -592.388 2610.29 1 325 334.427 2575.22 1 351.124 -1025.88 2669.07 1
349.375 559.682 2545.06 1 150.45 354.891 2610.86 1 17.4706 20.7882 2652.15 1 505.102 314.224 2535.49 1 580.245 3.9735 2535.6 1 -39.4871 -279.194 2530.56 1 602.27 -297.31 2434.55 1 305.057 106.203 2589.49 1 179.122 -110.317 2627.73 1 385.555 -133.988 2583.86 1 192.597 -566.541 2573.15 1 273.445 -987.429 2680.43 1 416.148 -592.594 2603.97 1 327.776 334.557 2573.18 1 348.424 -1025.28 2664.53 1
349.859 556.533 2543.88 1 150.243 351.64 2607.66 1 28.738 17.8914 2650.57 1 505.461 311.08 2534.95 1 575.627 -3.51079 2538.81 1 -4.15195 -292.485 2540.23 1 578.092 -306.481 2445.84 1 304.943 102.958 2586.8 1 178.648 -113.64 2623.45 1 385.419 -137.25 2581.13 1 196.632 -571.155 2582.51 1 278.53 -994.867 2677.88 1 417.06 -595.919 2599.09 1 327.852 331.36 2571.31 1 343.027 -1027.59 2660.45 1
349.523 558.666 2544.29 1 149.28 353.028 2604.92 1 45.3757 16.9389 2646.29 1 505.296 312.807 2536.09 1 566.744 -6.78159 2542.58 1 33.091 -298.774 2539.44 1 558.175 -313.525 2466.48 1 304.203 104.441 2584.62 1 177.497 -112.329 2618.76 1 384.739 -135.742 2578.69 1 200.844 -570.713 2596.37 1 282.968 -997.656 2675.47 1 416.323 -594.517 2594.53 1 327.288 332.917 2570.51 1 343.014 -1025.36 2662.6 1
347.114 559.826 2545 1 147.265 353.972 2603.73 1 57.6894 14.467 2645.64 1 503.655 314.035 2536.64 1 559.716 -4.51885 2546.49 1 43.5587 -300.994 2536.9 1 540.202 -313.475 2483.15 1 302.327 105.472 2583.34 1 175.471 -111.437 2616.02 1 382.917 -134.684 2576.96 1 198.709 -570.385 2608.95 1 292.972 -997.36 2671.52 1 419.66 -592.698 2600.02 1 325.46 334.004 2570.18 1 337.784 -1023.72 2654.44 1
343.415 558.092 2552.35 1 145.002 350.908 2606.15 1 62.3433 15.2361 2646.34 1 501.609 314.534 2538.24 1 551.638 -1.20091 2548.94 1 48.8334 -303.282 2544.61 1 531.03 -311.156 2489.2 1 301.682 103.88 2581.22 1 176.266 -114.375 2610.01 1 383.85 -135.548 2570.47 1 207.712 -572.957 2599.08 1 289.004 -999.553 2678.97 1 418.766 -593.948 2588.58 1 323.306 332.721 2572.2 1 343.07 -1024.67 2653.51 1
341.455 561.346 2556.03 1 144.456 353.312 2605.07 1 69.107 25.6763 2644.87 1 501.99 319.973 2540.64 1 545.575 1.57441 2549.52 1 54.3587 -293.124 2550.79 1 527.84 -309.578 2494.5 1 303.091 107.581 2579.67 1 178.895 -111.776 2605.23 1 387.023 -131.183 2567.73 1 211.191 -570.546 2601.46 1 292.622 -997.731 2680.56 1 421.177 -589.275 2593.16 1 323.223 336.643 2572.85 1 345.089 -1020.36 2656.38 1
338.422 558.66 2549.36 1 142.127 349.416 2601.77 1 73.3514 33.0981 2643.28 1 499.663 317.835 2536.38 1 543.834 5.65683 2549.78 1 59.1904 -286.396 2554.9 1 527.123 -305.933 2496.25 1 302.164 104.483 2577.33 1 179.379 -115.469 2604.62 1 387.489 -133.852 2566.56 1 209.139 -574.448 2609.04 1 297.007 -1001.32 2683.72 1 420.347 -591.828 2596.01 1 320.895 333.626 2569.07 1 340.82 -1023.5 2650.19 1
336.187 558.881 2545.52 1 140.754 349.16 2600.66 1 73.6732 24.5456 2640.63 1 498.168 318.205 2534.25 1 540.807 5.21586 2546.7 1 64.1241 -293.218 2546.19 1 525.157 -306.766 2494.82 1 301.34 104.519 2576.75 1 179.198 -115.636 2605.36 1 387.24 -133.654 2566.71 1 211.072 -574.564 2610.32 1 300.637 -1000.87 2687.02 1 415.59 -592.115 2593.19 1 319.461 333.682 2567.46 1 338.02 -1023.35 2653.73 1
333.854 557.262 2544.12 1 138.642 347.454 2598.65 1 75.1528 29.0047 2637.82 1 496.281 316.988 2533.2 1 541.662 5.32588 2545.13 1 65.6673 -289.139 2545.9 1 523.808 -306.085 2490.51 1 299.538 103.013 2574.68 1 177.527 -117.328 2602.48 1 385.703 -135.062 2564.38 1 210.034 -576.262 2607.7 1 303.207 -1001.69 2685.34 1 412.507 -593.742 2589.11 1 317.462 332.221 2565.93 1 335.603 -1024.98 2651 1
327.331 558.507 2543.91 1 133.916 347.851 2598.77 1 75.1036 30.8946 2636.31 1 491.489 319.604 2532 1 538.339 5.5606 2542.4 1 61.7211 -287.288 2545.7 1 522.612 -306.096 2488.42 1 296.213 104.41 2574.09 1 175.652 -116.687 2602.23 1 383.795 -133.129 2563.37 1 210.2 -575.496 2607.25 1 298.836 -1000.59 2691.57 1 412.021 -591.079 2597.09 1 312.702 333.727 2565.39 1 335.251 -1023.82 2646.31 1
322.173 553.929 2534.79 1 130.838 342.354 2595.33 1 73.7908 30.8259 2635.55 1 488.159 315.331 2526.73 1 539.245 7.24589 2541.67 1 57.0249 -287.188 2545.23 1 521.723 -303.966 2485.68 1 294.473 99.5994 2573.07 1 175.45 -121.779 2605.07 1 383.444 -137.509 2565.14 1 210.747 -580.55 2609.69 1 303.613 -1005.25 2691.6 1 411.309 -595.862 2593.6 1 309.498 328.842 2561.03 1 337.594 -1027.62 2654.33 1
317.674 554.43 2529.74 1 127.066 342.768 2593.35 1 73.1815 31.0147 2634.21 1 483.971 316.235 2522.44 1 539.838 3.22102 2541.69 1 56.2135 -286.659 2542.83 1 516.162 -305.772 2477.24 1 291.125 100.277 2571.22 1 172.854 -121.226 2605.18 1 380.607 -136.671 2563.9 1 209.674 -579.893 2606.72 1 301.647 -1004.47 2690.46 1 406.757 -595.339 2589.21 1 305.519 329.502 2557.9 1 332.004 -1026.7 2652.36 1
315.136 554.561 2527.22 1 124.526 342.622 2589.86 1 72.2719 33.3112 2630.88 1 481.857 316.773 2520.86 1 536.453 5.54843 2539.45 1 57.5049 -284.51 2539.71 1 509.025 -303.138 2474.66 1 289.126 100.427 2568.41 1 171.061 -121.322 2601.54 1 379.061 -136.368 2561.37 1 206.284 -580.122 2601.46 1 304.099 -1003.25 2685.8 1 408.314 -594.983 2584.36 1 303.191 329.698 2555.36 1 335.671 -1025.6 2654.73 1
312.566 552.198 2526.96 1 121.806 340.176 2586.7 1 70.7521 35.0863 2627.45 1 479.605 314.74 2520.01 1 534.466 3.7549 2535.63 1 57.9279 -283.317 2538.08 1 504.184 -304.952 2472 1 286.664 98.1315 2565.49 1 168.487 -123.792 2597.03 1 376.76 -138.598 2558.21 1 208.4 -582.165 2600.48 1 294.182 -1008.59 2680.34 1 406.856 -597.134 2582.09 1 300.706 327.458 2553.35 1 336.155 -1027.08 2658.42 1
309.206 551.104 2526.84 1 118.749 339.069 2585.19 1 69.4902 33.3789 2625.98 1 476.538 314.061 2518.26 1 531.335 -0.366025 2532.75 1 54.2408 -284.758 2536.06 1 501.562 -309.009 2468.39 1 283.745 97.1897 2563.13 1 165.714 -124.907 2594.01 1 373.977 -139.464 2555.04 1 205.03 -583.217 2603.86 1 301.894 -1008.21 2678.16 1 408.813 -597.204 2585.62 1 297.644 326.565 2551.72 1 327.305 -1026.44 2653.88 1
306.015 552.356 2526.78 1 115.403 339.289 2583.4 1 67.15 34.0353 2621.04 1 473.463 314.772 2517.74 1 527.736 -0.15524 2531.41 1 51.1434 -285.38 2536.04 1 498.79 -308.986 2467.49 1 280.65 97.6052 2561.07 1 162.655 -124.685 2590.69 1 371.079 -138.956 2552.47 1 205.916 -582.709 2595.3 1 301.355 -1005.29 2683.43 1 410.636 -595.3 2594.29 1 294.433 327.031 2550.57 1 328.124 -1026.23 2648.6 1
301.862 548.084 2518.23 1 112.461 336.261 2579.36 1 63.1863 30.0535 2617.5 1 470.414 311.73 2513.1 1 522.085 1.44795 2528.69 1 48.8492 -290.05 2534.78 1 495.625 -307.663 2465.05 1 278.188 94.7001 2559.55 1 160.759 -127.456 2592.15 1 369.119 -141.735 2553.58 1 204.387 -585.497 2594.67 1 298.589 -1005.41 2695.82 1 408.092 -598.704 2589.38 1 291.438 323.996 2546.23 1 332.572 -1028.98 2656.89 1
294.534 545.855 2521.95 1 107.635 329.447 2579.51 1 52.2234 22.5728 2611.07 1 465.091 311.351 2509.07 1 520.453 -0.854991 2525.48 1 45.4737 -299.195 2534.61 1 496.839 -309.602 2459.08 1 276.561 90.7825 2553.54 1 162.7 -133.566 2583.29 1 370.818 -144.102 2542.28 1 204.409 -591.807 2583.8 1 304.816 -1010.14 2686.18 1 405.175 -602.106 2566.36 1 286.363 320.399 2544.29 1 336.217 -1031.37 2646.18 1
285.63 547.471 2515.81 1 102.128 327.929 2577.36 1 44.1432 16.8231 2608.85 1 459.412 314.614 2504.98 1 523.263 -1.9297 2520.28 1 34.3577 -303.641 2527.28 1 498.675 -309.758 2450.11 1 274.409 91.5998 2552.02 1 164.062 -134.197 2583.93 1 372.032 -141.947 2541.8 1 199.145 -592.284 2601.8 1 302.004 -1012.4 2693.86 1 396.604 -600.853 2559.13 1 280.77 321.272 2541.17 1 336.801 -1027.07 2658.49 1
281.252 546.971 2511.76 1 98.6263 325.823 2572.4 1 35.0653 7.91415 2607.43 1 456.638 315.069 2503.18 1 526.627 1.03349 2514.15 1 16.335 -308.513 2513.33 1 518.165 -300.075 2426.56 1 272.976 90.7434 2549.39 1 164.125 -135.829 2581.14 1 372.513 -142.089 2540.85 1 195.513 -594.375 2598.74 1 304.113 -1013.61 2688.61 1 383.743 -600.574 2527.58 1 277.632 320.446 2537.79 1 339.629 -1018.8 2658.94 1
276.785 546.444 2512.73 1 93.5697 325.63 2571.72 1 15.5275 6.96293 2597.72 1 451.113 314.715 2500.03 1 535.307 3.51183 2505.58 1 -10.6275 -302.807 2495.53 1 543.028 -290.36 2401.79 1 267.275 90.3792 2545.59 1 158.153 -136.238 2576.17 1 366.264 -142.591 2534.45 1 181.459 -595.128 2597.47 1 298.178 -1013.4 2681.29 1 371.275 -598.244 2486.87 1 272.341 320.173 2535.87 1 337.746 -1011.11 2637.96 1
272.055 547.035 2509.72 1 88.1724 326.495 2567.53 1 -1.73525 6.98136 2591.36 1 445.946 315.566 2496.91 1 548.157 6.7567 2491.3 1 -44.9756 -294.705 2478.04 1 578.875 -273.725 2369.13 1 261.869 91.2071 2541.49 1 152.555 -135.435 2571.31 1 360.802 -141.797 2530.21 1 178.974 -594.005 2596.87 1 297.639 -1010.92 2684.99 1 369.84 -594.407 2457.75 1 267.059 321.03 2532.22 1 333.437 -1005.34 2615.39 1
265.731 543.308 2508.21 1 81.6996 323.977 2564.71 1 -25.3705 8.49496 2580.18 1 438.916 312.562 2491.39 1 570.075 19.3747 2473.65 1 -89.1003 -286.605 2459.55 1 621.854 -247.32 2336.84 1 254.637 88.4112 2536.21 1 144.999 -138.125 2565.7 1 352.932 -144.769 2523.02 1 175.878 -596.037 2597.34 1 295.371 -1012.96 2684.62 1 365.02 -593.273 2427.56 1 260.308 318.27 2528.05 1 329.313 -1008.76 2573.69 1
260.636 548.542 2498.95 1 77.6974 330.461 2560.21 1 -50.179 15.243 2565.09 1 433.797 318.76 2481.81 1 587.542 36.6917 2456.82 1 -144.928 -266.611 2442.46 1 670.726 -208.275 2306.85 1 250.167 94.7759 2529.97 1 140.938 -131.653 2561.75 1 348.236 -138.465 2516.11 1 178.909 -589.14 2591.86 1 301.625 -1002.39 2690.65 1 361.56 -581.092 2396.29 1 255.747 324.611 2521.01 1 338.835 -1001.52 2530.05 1
257.136 546.213 2487.32 1 75.2464 327.358 2550.29 1 -80.0911 30.1215 2552.54 1 431.402 315.851 2472.01 1 609.77 58.8458 2436.91 1 -204.844 -236.38 2425.86 1 723.98 -160.615 2277.05 1 248.296 91.8468 2522.05 1 139.618 -134.562 2555.73 1 346.92 -141.26 2510.16 1 180.115 -592.018 2583.68 1 295.372 -1004.11 2694.9 1 358.217 -579.328 2373.22 1 253.324 321.605 2511.15 1 349.254 -1008.79 2469.62 1
254.563 541.748 2472.01 1 73.04 323.317 2532.63 1 -126.542 58.0573 2540.27 1 429.714 312.212 2456.67 1 650.389 100.427 2409.46 1 -298.488 -172.141 2406.11 1 798.531 -76.9598 2230.95 1 246.282 87.9502 2504.33 1 137.379 -138.632 2536.11 1 344.995 -145.096 2491.89 1 177.616 -596.346 2560.28 1 294.17 -1003.99 2685.38 1 351.969 -573.261 2327.5 1 251.377 317.764 2494.65 1 351.052 -1008.68 2360.64 1
254.029 536.267 2456.86 1 72.111 317.916 2515.08 1 -167.268 89.5258 2531.64 1 429.668 307.558 2443.36 1 685.198 136.216 2390.23 1 -378.848 -102.275 2390.85 1 862.937 1.21371 2200.06 1 246.053 82.8893 2488.3 1 137.146 -143.944 2518.26 1 345.288 -149.973 2476.51 1 178.668 -600.402 2556.38 1 296.994 -1005.24 2689.17 1 347.562 -574.641 2301.63 1 250.89 312.737 2479.22 1 352.409 -1010.82 2283.74 1
252.417 537.516 2441.28 1 71.6092 319.219 2501.18 1 -204.136 123.765 2516.82 1 428.081 308.592 2424.37 1 715.596 176.106 2369.62 1 -452.378 -31.3894 2385.09 1 920.826 78.4167 2179.42 1 244.871 84.0442 2471.5 1 136.141 -142.724 2502.57 1 343.652 -148.91 2457.86 1 177.992 -598.203 2550.81 1 293.218 -1001.1 2692.1 1 342.431 -571.648 2277.34 1 249.845 313.905 2462.78 1 343.929 -1001.16 2203.26 1
250.893 531.452 2417.98 1 70.3833 313.828 2482.01 1 -226.563 160.88 2505.41 1 426.564 302.594 2403.84 1 738.301 209.555 2349.3 1 -502.414 45.6948 2385.86 1 968.115 157.064 2165.94 1 243.596 78.4434 2453.72 1 135.061 -148.055 2487.27 1 342.378 -154.593 2441.77 1 172.252 -603.737 2538.14 1 297.917 -999.671 2689.34 1 338.669 -577.912 2262.03 1 248.474 308.211 2442.93 1 336.784 -996.861 2139.88 1
250.093 521.408 2384.34 1 71.045 303.878 2450.49 1 -252.785 209.444 2494.21 1 426.199 292.692 2367.83 1 759.145 265.775 2328.15 1 -554.442 157.487 2399.93 1 1012.79 260.182 2162.83 1 243.731 68.4809 2419.25 1 135.254 -158.06 2453.44 1 342.427 -164.585 2405.22 1 181.71 -612.346 2505.64 1 294.16 -1010.05 2662.4 1 330.399 -580.251 2215.69 1 248.622 298.285 2409.16 1 326.583 -995.728 2073.99 1
251.727 514.548 2352.52 1 72.6744 297.644 2419.36 1 -267.893 250.722 2485.6 1 428.557 286.556 2339.84 1 768.574 298.388 2309.08 1 -583.329 242.79 2407.79 1 1036.55 336.689 2161.61 1 245.706 62.2925 2389.67 1 137.107 -164.284 2422.92 1 344.486 -170.745 2376.58 1 195.38 -616.002 2484.75 1 299.185 -1003.09 2669.18 1 323.696 -590.727 2193.99 1 250.615 292.1 2379.6 1 320.297 -1000.14 2032.19 1
253.406 506.91 2322.11 1 74.375 291.331 2388.45 1 -265.45 274.863 2477.3 1 431.125 280.161 2312.96 1 772.784 323.191 2290.04 1 -587.169 304.13 2415.27 1 1046.5 395.85 2152.8 1 247.806 55.964 2361.34 1 138.975 -170.566 2393.95 1 346.749 -177.071 2349.99 1 204.818 -619.417 2468.06 1 298.808 -1001.55 2668.02 1 318.562 -596.903 2166.02 1 252.75 285.746 2350.7 1 307.165 -1007.65 2005.15 1
255.218 499.845 2295.41 1 76.6293 285.098 2362.06 1 -262.727 293.435 2466.15 1 433.093 273.589 2285.19 1 775.389 340.093 2273.02 1 -584.656 350.035 2413.4 1 1056.81 432.885 2146.58 1 249.33 49.5029 2332.39 1 140.03 -176.987 2363.53 1 347.566 -183.688 2318.77 1 205.939 -625.667 2440.08 1 296.934 -995.505 2662.73 1 312.868 -601.782 2131 1 254.861 279.344 2323.63 1 300.489 -1016.3 1978.73 1
256.066 495.682 2266.55 1 78.1775 278.67 2334.86 1 -257.361 308.718 2452.08 1 434.124 266.699 2255.68 1 775.695 345.546 2252.51 1 -580.838 375.623 2406.27 1 1058.8 456.407 2130.48 1 250.4 42.8497 2304.17 1 141.04 -183.5 2336.11 1 348.259 -190.469 2290.02 1 193.886 -632.923 2417.75 1 296.251 -990.905 2654.62 1 309.146 -605.974 2096.93 1 256.151 272.684 2295.27 1 291.34 -1026.48 1963.05 1
258.72 497.072 2246.13 1 80.0198 281.671 2312.39 1 -254.201 315.877 2437.55 1 435.15 269.964 2229.63 1 771.325 345.757 2230.76 1 -581.038 385.628 2409.91 1 1057.81 464.269 2116.64 1 251.083 45.9154 2275.63 1 141.212 -180.579 2304.34 1 347.95 -187.394 2256.16 1 194.461 -628.366 2394.72 1 292.164 -985.769 2635.42 1 301.159 -597.595 2053.74 1 257.585 275.817 2271.01 1 291.475 -1027.67 1961.86 1
260.742 499.622 2221.91 1 80.577 285.144 2286.83 1 -252.596 318.938 2422.27 1 436.039 272.523 2205.6 1 771.169 341.379 2205.89 1 -580.744 388.826 2402.97 1 1062.38 453.868 2096.19 1 250.945 48.9206 2249.72 1 140.126 -177.319 2276.87 1 347.04 -184.666 2229.58 1 187.924 -626.837 2361.85 1 284.721 -969.738 2622.5 1 297.957 -598.198 2034.38 1 258.308 278.834 2246.22 1 280.162 -1032.82 1964.8 1
262.949 504.125 2190.31 1 82.7834 288.879 2255.03 1 -252.294 304.973 2393.15 1 437.814 275.259 2172.07 1 757.991 323.849 2171.01 1 -580.812 367.787 2380.8 1 1053.44 411.482 2053.34 1 252.138 52.1631 2216.37 1 140.645 -173.779 2243.33 1 347.308 -181.707 2195.04 1 168.127 -625.11 2325.7 1 283.719 -955.107 2594.93 1 299.549 -597.766 2004.73 1 260.299 282.069 2213.55 1 273.876 -1034.36 1945.9 1
261.26 505.723 2164 1 82.3403 290.167 2231.35 1 -255.145 294.486 2370.58 1 436.653 276.397 2145.42 1 755.241 303.46 2139.96 1 -589.516 338.583 2353.94 1 1051.87 374.213 2014.15 1 251.316 53.3734 2191.5 1 140.012 -172.528 2219.62 1 346.26 -180.544 2169.6 1 150.655 -621.142 2317.58 1 278.796 -945.02 2589.13 1 296.661 -602.727 1994.35 1 259.497 283.282 2188.39 1 272.188 -1041.95 1966.39 1
264.305 512.199 2138.35 1 85.407 294.617 2208.7 1 -255.565 270.239 2347.79 1 438.848 279.903 2119.44 1 746.997 270.632 2107.2 1 -590.213 288.824 2319.36 1 1038.98 312.789 1962.46 1 253.669 57.3818 2168.47 1 142.34 -168.214 2198.86 1 348.081 -176.779 2146.9 1 151.644 -614.28 2309.03 1 275.748 -940.487 2580.29 1 298.125 -604.51 1985.97 1 262.127 287.26 2164.07 1 278.739 -1045.16 1965.97 1
264.512 514.41 2119.02 1 86.5456 296.019 2194.73 1 -250.771 250.611 2329.4 1 438.995 280.621 2101.77 1 744.263 243.907 2083.74 1 -586.355 248.737 2293.64 1 1031.03 257.328 1924.72 1 254.461 58.4941 2154.81 1 143.57 -166.85 2188.44 1 348.733 -175.813 2134.32 1 151.944 -610.417 2309.02 1 267.221 -940.002 2580.28 1 296.311 -608.182 1987.21 1 262.77 288.32 2148.25 1 273.815 -1049.37 1977.57 1
265.651 516.217 2109.86 1 87.9312 296.666 2188.6 1 -245.882 230.305 2313.2 1 438.82 280.617 2090.12 1 740.361 220.381 2067.06 1 -579.552 207.952 2272.78 1 1018.54 207.943 1893.48 1 254.784 58.8275 2146.2 1 144.059 -166.315 2181.7 1 348.325 -175.658 2124.38 1 148.762 -610.362 2301.47 1 265.824 -932.842 2580.44 1 295.003 -610.602 1984.89 1 263.376 288.641 2139.36 1 273.284 -1052.14 1975.84 1
264.306 515.435 2105.28 1 87.2437 296.19 2186.82 1 -243.437 203.15 2303.6 1 436.714 279.848 2083.47 1 735.125 193.94 2054.34 1 -573.994 158.429 2255.58 1 1002.46 154.4 1868.42 1 253.396 58.2163 2142.46 1 143.1 -166.83 2179.85 1 346.526 -176.343 2119.7 1 160.297 -609.4 2303.59 1 252.775 -938.054 2583.66 1 294.062 -614.111 1988.78 1 261.979 288.019 2135.15 1 265.742 -1055.31 1977.05 1
264.322 512.034 2108.5 1 87.3045 294.883 2191.12 1 -234.733 182.089 2299.31 1 434.567 277.762 2080.84 1 724.746 165.832 2047.6 1 -560.586 118.318 2246.24 1 980.992 104.131 1851.68 1 251.447 56.5169 2141.78 1 140.878 -168.305 2179.68 1 343.04 -178.272 2115.48 1 153.091 -611.097 2303.67 1 264.648 -936.157 2580.98 1 285.046 -611.573 1971.81 1 260.936 286.323 2135.98 1 270.875 -1053.77 1965.94 0
262.339 504.824 2116.59 1 86.9074 289.552 2201.82 1 -219.372 146.546 2300.65 1 432.641 274.94 2086.46 1 702.365 132.915 2052.79 1 -536.269 57.633 2238.07 1 938.282 42.1518 1849.45 1 251.721 52.3678 2149.12 1 143.044 -173.258 2187.68 1 344.29 -181.763 2120.53 1 150.892 -615.591 2313.88 1 274.376 -935.687 2592.29 1 288.194 -616.92 1981.81 1 259.774 282.246 2144.14 1 281.11 -1059.32 1978.87 0
261.639 502.011 2132.64 1 86.4863 286.891 2216.59 1 -205.694 118.278 2307.83 1 431.167 273.852 2097.86 1 683.671 106.953 2063.89 1 -512.851 4.15098 2238.89 1 900.126 -11.9439 1856.55 1 251.24 50.448 2160.45 1 143.342 -175.681 2198.23 1 343.962 -183.27 2129.12 1 147.696 -617.266 2327.31 1 278.269 -939.411 2600.43 1 281.968 -616.008 1985.43 1 258.827 280.371 2157.23 1 278.427 -1058.46 1983.96 0
261.524 496.359 2146.16 1 89.0572 275.751 2231.54 1 -188.847 89.6331 2318.4 1 432.628 265.627 2109.33 1 663.837 81.4823 2076.44 1 -487.256 -40.1921 2244.23 1 867.963 -56.0698 1867.62 1 255.39 40.7171 2174.16 1 149.944 -186.308 2213.45 1 349.932 -192.201 2142.31 1 154.582 -629.862 2335.52 1 292.593 -948.704 2609.06 1 287.521 -625.644 2000.94 1 260.843 270.689 2170.44 1 285.751 -1068.11 2000.21 0
259.443 489.447 2178.92 1 89.4777 265.811 2262.96 1 -171.429 57.3157 2338.7 1 432.446 260.384 2138.79 1 639.409 52.2422 2100.71 1 -455.088 -94.0063 2250.35 1 825.66 -107.348 1893.29 1 258.062 33.0698 2202.92 1 157.11 -195.406 2240.47 1 353.215 -198.509 2169.47 1 165.872 -636.599 2370.45 1 303.925 -962.578 2635.42 1 290.714 -629.266 2020.51 1 260.962 263.097 2200.88 1 259.732 -1056.31 1944.87 1
255.734 487.287 2208.31 1 87.6909 261.301 2292.97 1 -150.719 37.6539 2360.85 1 430.426 258.638 2168 1 616.701 32.1252 2124.35 1 -422.286 -125.965 2261.2 1 788.533 -145.623 1924.38 1 258.059 29.9204 2232.64 1 160.661 -199.38 2269.95 1 353.457 -200.878 2199.66 1 168.956 -641.086 2398.45 1 313.495 -974.662 2649.86 1 295.444 -630.175 2044.8 1 259.058 259.969 2230.48 1 254.22 -1049.39 1929.7 1
254.117 486.586 2237 1 86.8983 259.289 2321.87 1 -133.86 21.3235 2381.42 1 428.867 257.717 2194.76 1 600.347 18.5661 2147.67 1 -392.394 -155.976 2272.2 1 759.561 -174.617 1957.03 1 257.768 28.4464 2260.85 1 161.821 -201.169 2299.01 1 353.487 -202.051 2227.77 1 177.337 -645.427 2417.11 1 317.79 -986.561 2660.71 1 301.288 -631.868 2072.22 1 257.883 258.503 2258.32 1 258.376 -1048.37 1939.55 1
250.14 492.043 2278.34 1 83.6753 266.562 2362.81 1 -116.93 5.66246 2408.21 1 425.666 264.002 2235.74 1 583.172 2.78233 2185.33 1 -350.696 -198.366 2296.82 1 710.985 -215.569 2008.21 1 254.937 35.2848 2304.62 1 161.345 -194.01 2344.85 1 349.061 -195.415 2275.1 1 176.718 -639.283 2459.13 1 322.869 -991.562 2681.73 1 311.543 -625.266 2116.04 1 254.671 265.282 2299.27 1 279.108 -1040.19 1971.54 1
247.777 495.299 2306.52 1 79.3465 272.064 2394.44 1 -103.461 -2.1673 2436.61 1 421.359 266.75 2267.51 1 565.582 -10.1104 2218.15 1 -309.221 -232.255 2322.97 1 670.515 -244.659 2051.82 1 250.275 39.5644 2340.39 1 157.389 -188.836 2384.24 1 343.005 -191.72 2315.36 1 170.901 -638.477 2478.44 1 328.68 -991.943 2691.36 1 314.524 -619.79 2149.73 1 250.353 269.407 2330.98 1 288.959 -1032.2 1994.69 1
245.842 502.765 2335.1 1 75.7354 279.267 2421.8 1 -92.2141 -10.0709 2455.3 1 417.617 272.907 2294.54 1 555.804 -19.5684 2248.06 1 -271.678 -259.116 2340.41 1 635.354 -267.026 2088.66 1 246.017 46.2348 2367.89 1 149.536 -181.835 2413.27 1 341.181 -185.4 2341.94 1 176.065 -634.521 2485.37 1 328.887 -993.341 2693.42 1 307.615 -613.656 2176.95 1 246.676 276.087 2358.17 1 294.6 -1048.83 2098.02 0
242.664 509.347 2357.89 1 71.9423 285.908 2443.82 1 -79.6049 -15.5304 2471.64 1 413.872 279.001 2316.71 1 543.904 -20.7904 2276.52 1 -228.401 -285.295 2359.28 1 601.756 -279.594 2127.79 1 242.124 52.6198 2390.65 1 143.742 -175.243 2437.31 1 338.938 -179.186 2364.75 1 181.525 -629.321 2495.13 1 325.826 -996.224 2694.98 1 308.452 -607.318 2198.83 1 242.907 282.454 2380.27 1 301.976 -1047.99 2159.57 0
241.978 514.392 2375.79 1 69.5641 291.402 2461.01 1 -64.8099 -18.2597 2488.81 1 412.977 283.931 2338.07 1 534.446 -22.9007 2301.76 1 -185.453 -302.555 2378.18 1 574.634 -291.945 2167.98 1 240.408 57.8845 2411.09 1 140.569 -169.744 2458.07 1 338.52 -174.051 2387.21 1 179.481 -625.517 2501.76 1 327.042 -996.062 2692.53 1 312.987 -599.698 2214.22 1 241.271 287.666 2399.54 1 309.767 -1041.72 2194.69 0
243.527 522.495 2400.74 1 68.7209 300.841 2483.56 1 -50.4013 -24.1306 2506.9 1 412.948 290.762 2363.12 1 529.23 -22.45 2335.88 1 -133.344 -326.209 2402.65 1 543.234 -299.489 2220.1 1 237.998 66.0179 2434.46 1 135.46 -160.846 2480.47 1 334.865 -166.685 2410.7 1 175.727 -617.133 2520.71 1 325.006 -994.047 2696.83 1 314.166 -592.557 2237.62 1 240.834 295.801 2423.34 1 312.561 -1034.91 2227.89 0
243.457 527.613 2423.2 1 65.4143 306.608 2499.24 1 -37.681 -28.086 2524.93 1 411.659 295.228 2384.99 1 517.139 -21.7061 2363.43 1 -99.2326 -341.82 2426.21 1 514.876 -304.357 2263.73 1 233.871 71.0749 2450.87 1 128.662 -155.464 2492.8 1 329.75 -162.073 2426.44 1 175.555 -612.035 2519.48 1 319.933 -993.655 2689.81 1 322.327 -593.788 2268.88 1 238.537 300.918 2442.11 1 326.157 -1029.65 2313.56 1
245.029 535.961 2441.44 1 65.3687 314.463 2511.45 1 -22.8228 -30.0592 2536.95 1 413.453 302.758 2403.01 1 505.631 -14.0792 2389.34 1 -62.7977 -350.944 2445.06 1 499.687 -300.815 2301.22 1 233.729 78.7169 2463.8 1 126.852 -147.774 2501.9 1 329.241 -154.58 2438.85 1 181.301 -603.985 2520.46 1 322.292 -989.22 2685.69 1 332.201 -592.335 2299.61 1 239.411 308.611 2457.23 1 346.612 -1022.06 2384.64 1
247.701 541.686 2458.07 1 66.3349 319.888 2524.13 1 -9.9768 -11.2563 2546.41 1 415.191 307.365 2418.17 1 497.102 -9.48921 2413.6 1 -36.7822 -333.459 2466.24 1 488.531 -299.104 2334.73 1 233.878 83.7151 2475.65 1 125.526 -142.554 2510.97 1 328.459 -149.838 2449.34 1 186.578 -598.236 2521.91 1 316.455 -987.942 2685.61 1 328.509 -590.172 2317.32 1 240.763 313.626 2471.15 1 363.116 -1003.86 2452.92 1
249.498 542.078 2465.88 1 67.5743 321.537 2531.8 1 -1.26166 -3.17035 2554.54 1 417.507 308.128 2429.54 1 491.578 -6.1854 2430 1 -11.6672 -327.033 2484.71 1 478.506 -297.698 2358.43 1 235.227 84.9363 2485.78 1 126.096 -141.059 2520.65 1 329.73 -148.861 2461.15 1 182.649 -597.211 2537.74 1 318.964 -992.085 2681.56 1 332.781 -593.511 2344.77 1 242.541 314.833 2480.67 1 374.833 -996.95 2510.97 1
252.283 541.875 2478.29 1 68.9782 322.19 2540.74 1 9.40263 5.37154 2560.63 1 418.866 307.88 2438.37 1 486.862 -5.89694 2442.7 1 4.28559 -319.483 2496.73 1 474.819 -298.718 2375.71 1 235.37 85.1498 2492.46 1 125.004 -140.571 2525.16 1 328.631 -148.9 2465.58 1 188.974 -595.7 2544.26 1 314.4 -997.361 2679.08 1 342.236 -597.883 2369.74 1 243.922 315.035 2489.56 1 359.675 -1000.46 2545.5 1
254.57 542.151 2492.5 1 71.3097 322.886 2550.43 1 18.1481 11.718 2567.86 1 421.235 308.009 2448.22 1 484.879 -5.63759 2453.29 1 11.004 -313.362 2505.78 1 473.831 -299.588 2390.84 1 236.471 85.6065 2499.22 1 124.836 -139.905 2528.87 1 328.505 -148.564 2469.38 1 190.102 -594.807 2550.6 1 315.124 -996.536 2686.58 1 353.272 -600.67 2393.04 1 246.272 315.448 2499.32 1 348.655 -998.069 2582.45 1
258.869 543.934 2500.1 1 75.5598 324.912 2556.5 1 24.5332 11.4782 2572.56 1 426.034 310.908 2456.06 1 484.733 -5.32996 2462.25 1 15.045 -313.565 2510.83 1 472.341 -299.54 2400.91 1 241.251 88.0475 2505.02 1 129.704 -137.739 2532.99 1 333.706 -145.89 2474.53 1 199.45 -591.937 2555.96 1 311.241 -996.801 2693.95 1 364.674 -600.929 2423.77 1 250.797 317.91 2506.28 1 352.235 -998.965 2613.91 1
264.434 546.176 2511.91 1 80.1265 326.988 2565.7 1 31.8584 9.38484 2578.84 1 430.853 312.905 2466.14 1 486.008 -2.33624 2469.97 1 18.5501 -315.708 2518.28 1 475.109 -297.537 2413.27 1 245.399 90.1218 2512.88 1 133.233 -135.604 2538.82 1 337.382 -143.802 2480.87 1 197.911 -590.292 2566.22 1 321.411 -995.464 2692.4 1 367.262 -600.9 2460.44 1 255.49 319.946 2515.92 1 345.214 -1007.08 2631.5 1
269.724 549.111 2510.8 1 85.728 331.1 2570.84 1 34.9722 10.9278 2585.95 1 436.258 314.905 2470.92 1 487.405 0.328309 2476.25 1 22.4509 -311.991 2515.28 1 477.659 -294.95 2419.53 1 250.259 93.1949 2520.47 1 137.504 -131.9 2549.14 1 341.545 -141.327 2490.98 1 203.275 -586.692 2572.22 1 326.566 -990.873 2702.52 1 375.542 -598.454 2498.86 1 260.993 323.003 2520.88 1 343.811 -1013.85 2643.06 1
275.501 551.194 2517.75 1 90.0952 334.157 2576.93 1 39.2622 13.4294 2590.16 1 440.863 316.971 2478.01 1 489.522 0.673557 2480.84 1 29.4809 -309.686 2519.62 1 480.189 -294.63 2424.07 1 253.858 95.7935 2526.18 1 140.148 -128.975 2553.68 1 344.325 -138.979 2496.1 1 201.471 -584.674 2567.99 1 328.996 -986.483 2701.81 1 386.674 -594.873 2524.86 1 265.479 325.564 2527.47 1 328.603 -1002.31 2621.59 1
280.92 546.747 2521.22 1 94.607 330.105 2579.41 1 39.9782 14.33 2594.1 1 445.895 311.866 2482.56 1 496.705 1.74918 2487.07 1 35.2206 -308.621 2522.27 1 483.448 -293.227 2429.47 1 258.125 91.2319 2530.27 1 143.757 -133.213 2557.75 1 348.241 -143.83 2501.37 1 205.705 -588.966 2569.27 1 326.834 -992.624 2703.6 1 391.447 -599.422 2540.87 1 270.251 320.985 2530.99 1 331.762 -1016.31 2639.87 1
286.408 546.631 2522.95 1 99.2033 331.208 2580.25 1 39.9829 10.0552 2598.02 1 451.928 311.25 2489.32 1 502.048 -1.4975 2490.94 1 39.7368 -312.181 2522.91 1 484.279 -295.894 2431.71 1 262.632 91.5174 2535.03 1 147.025 -132.384 2561.75 1 352.372 -144.004 2508.82 1 207.075 -588.321 2576.53 1 332.182 -991.91 2707.51 1 399.803 -597.341 2566.01 1 275.566 321.229 2534.78 1 323.554 -1003.41 2627.25 1
290.732 546.288 2524.82 1 102.572 331.324 2581.67 1 44.2321 10.5724 2598.94 1 455.956 310.315 2493.51 1 503.38 -3.61448 2492.16 1 41.4662 -312.129 2525.77 1 487.197 -298.489 2434.79 1 265.741 91.1394 2538.12 1 149.371 -132.426 2564.3 1 355.063 -144.655 2512.99 1 209.877 -588.281 2580.47 1 329.597 -996.999 2699.42 1 399.373 -598.999 2567.63 1 279.264 320.82 2537.59 1 326.233 -1016.62 2639.09 1
296.385 545.397 2533.26 1 107.97 330.466 2583.37 1 48.2546 12.3837 2600.28 1 462.832 310.537 2501.24 1 504.733 -5.22356 2495.58 1 43.2847 -310.645 2528.59 1 489.964 -299.784 2436.21 1 271.952 90.845 2539.92 1 155.212 -133.011 2561.44 1 361.793 -144.613 2513.63 1 210.718 -589.557 2575.38 1 342.855 -994.395 2694.26 1 401.573 -600.274 2561.45 1 285.401 320.502 2542.3 1 335.735 -1023.03 2645.31 1
300.278 550.48 2537.99 1 111.223 335.082 2586.85 1 53.5546 16.0916 2602.12 1 466.215 315.697 2504.98 1 507.358 -5.34076 2501.05 1 45.435 -306.682 2529.56 1 490.91 -298.636 2436.29 1 275.266 95.7497 2541.95 1 158.504 -128.249 2561.81 1 365.122 -139.531 2514.17 1 203.464 -585.745 2578.75 1 347.132 -986.681 2697.46 1 402.602 -595.696 2560.27 1 288.719 325.39 2545.91 1 331.64 -1019.69 2650.05 1
307.203 549.323 2540.34 1 117.199 334.198 2589.24 1 60.1799 20.8833 2607.11 1 472.468 313.941 2508.73 1 509.762 0.148326 2503.89 1 47.3754 -301.989 2535.75 1 492.733 -293.454 2440.55 1 280.991 94.4359 2545.68 1 163.753 -129.302 2565.81 1 370.543 -141.093 2518.94 1 207.119 -587.12 2579.66 1 353.683 -985.998 2702.21 1 416.547 -595.626 2572.25 1 294.834 324.07 2548.99 1 318.562 -1010.95 2633.03 1
312.722 548.877 2542.02 1 122.972 333.366 2590.12 1 66.7181 20.7144 2615.03 1 478.789 314.064 2511.81 1 514.705 -3.63361 2504.77 1 48.0903 -300.876 2539.53 1 492.859 -296.579 2440 1 287.697 94.0385 2547.68 1 170.955 -130.02 2567.17 1 378.072 -141.255 2521.59 1 218.84 -587.473 2578.52 1 347.919 -992.188 2700.57 1 416.096 -597.427 2565.99 1 300.88 323.715 2550.97 1 327.71 -1016.91 2646.64 1
318.196 551.157 2550.86 1 127.439 335.921 2594.24 1 70.4081 20.2053 2617.32 1 483.588 316.6 2517.43 1 523.039 -4.02185 2507.49 1 50.2464 -300.254 2537.44 1 493.158 -295.633 2440.35 1 291.682 96.7065 2549.44 1 174.197 -127.224 2565.41 1 381.506 -138.471 2520.7 1 221.956 -584.798 2570.8 1 343.709 -988.628 2703.09 1 417.025 -594.316 2571.04 1 305.514 326.26 2555.83 1 317.529 -1002.59 2626.11 1
322.593 554.777 2555.78 1 130.827 339.548 2596.26 1 72.4174 22.4316 2618.06 1 487.118 319.096 2520.38 1 527.525 -1.22828 2510.79 1 52.4991 -299.099 2542.49 1 500.737 -293.051 2443.01 1 294.16 99.8634 2550.62 1 175.652 -123.643 2565 1 383.044 -135.548 2520.83 1 222.753 -580.922 2581.49 1 337.367 -992.029 2695.54 1 409.977 -592.627 2564.47 1 308.972 329.322 2558.32 1 325.676 -1010 2639.76 1
324.534 555.812 2557.24 1 132.582 341.144 2599.57 1 75.7424 22.3045 2622.32 1 488.219 320.331 2520.82 1 530.304 2.14687 2514.91 1 56.0277 -298.05 2541.87 1 503.156 -289.062 2444.53 1 295.217 101.302 2552.27 1 176.524 -122.076 2567.25 1 383.542 -134.191 2521.41 1 219.412 -579.977 2577.39 1 334.308 -988.338 2701.48 1 405.529 -592.135 2558.71 1 310.4 330.738 2560.2 1 330.322 -1013.82 2646.17 1
327.876 554.139 2559.47 1 135.609 339.899 2600.3 1 77.3452 21.9644 2625.33 1 491.414 318.304 2522.5 1 533.143 2.45198 2514.79 1 57.8043 -298.091 2543.51 1 506.38 -289.096 2445.56 1 297.662 99.7415 2552.58 1 178.258 -123.333 2566.4 1 385.367 -135.903 2521.11 1 217.556 -581.667 2573.15 1 340.815 -986.276 2701.84 1 416.195 -592.408 2567.58 1 313.511 329.101 2561.4 1 321.738 -1003.3 2624.99 1
331.689 554.531 2559.58 1 138.829 340.565 2600.15 1 78.0283 20.2222 2627.74 1 494.882 318.233 2523.69 1 536.62 0.905279 2513.78 1 58.5054 -299.178 2543.36 1 505.511 -290.169 2444.45 1 300.575 100.066 2553.09 1 180.667 -122.767 2566.51 1 387.922 -135.766 2522.01 1 221.604 -580.919 2577 1 339.565 -990.16 2695.65 1 412.524 -593.264 2562.57 1 316.856 329.399 2561.92 1 330.481 -1010.65 2644.34 1
336.19 557.703 2561.15 1 142.454 343.205 2600.73 1 80.4598 20.2342 2624.53 1 498.66 320.325 2525.14 1 536.675 -0.500539 2514.62 1 66.7879 -299.869 2541.84 1 507.142 -290.945 2442.03 1 303.816 102.491 2553.44 1 183.403 -120.123 2565.95 1 390.747 -133.442 2521.95 1 224.981 -578.016 2582.83 1 335.397 -992.579 2689.31 1 411.594 -591.661 2556.67 1 320.557 331.765 2562.93 1 334.211 -1011.96 2650.89 1
338.37 556.402 2569.92 1 144.522 342.315 2603.02 1 84.0389 23.4939 2625.18 1 500.945 320.126 2528.24 1 540.526 1.49765 2516.21 1 73.2067 -296.316 2540.87 1 509.148 -288.767 2443.6 1 305.691 102.187 2552.36 1 184.914 -120.39 2560.86 1 392.385 -133.306 2517.33 1 222.201 -578.568 2580.22 1 333.68 -993.768 2683.93 1 410.958 -591.895 2549.22 1 322.733 331.221 2565.63 1 333.765 -1013.76 2647.69 1
338.889 554.101 2564.81 1 145.337 340.203 2600.86 1 86.5251 23.6602 2624.9 1 501.847 318.081 2526.47 1 540.138 0.525308 2514.45 1 77.7039 -296.89 2543.17 1 512.318 -290.248 2442.46 1 306.992 99.9661 2552.27 1 186.631 -122.771 2562.52 1 394.152 -135.648 2519.21 1 222.403 -581.266 2576.41 1 338.032 -988.249 2703.13 1 411.323 -594.003 2555.34 1 323.592 329.142 2563.67 1 335.146 -1016.22 2658.36 1
342.571 554.583 2561.75 1 149.098 340.543 2601.73 1 87.5943 22.2746 2624.74 1 505 317.796 2524.71 1 540.059 -1.86087 2512.87 1 80.5309 -297.926 2541.43 1 516.884 -293.417 2442.51 1 310.236 99.9352 2553.23 1 189.836 -122.678 2565.66 1 397.009 -135.919 2520.82 1 226.485 -581.224 2575.5 1 341.112 -987.73 2705.95 1 418.899 -592.895 2568.37 1 327.049 329.169 2563.22 1 324.548 -1002.21 2634.35 1
346.202 553.635 2561.22 1 152.221 340.204 2600.4 1 91.2259 25.7132 2625.85 1 508.503 316.875 2525.33 1 543.387 0.0361087 2512.19 1 81.1389 -294.239 2541.9 1 520.976 -292.224 2444.49 1 313.255 99.3176 2552.91 1 192.454 -123.115 2564.8 1 399.843 -136.694 2521.11 1 231.148 -581.524 2574.18 1 337.105 -991.667 2700.84 1 414.749 -594.532 2562.8 1 330.362 328.54 2562.87 1 330.007 -1011.76 2644.24 1
348.807 555.332 2559.95 1 155.223 341.645 2599.6 1 93.1824 26.8002 2626.94 1 511.676 318.207 2525.36 1 544.96 -0.898509 2511.28 1 81.5227 -292.915 2542.25 1 524.681 -292.998 2442.18 1 316.437 100.666 2553.17 1 195.68 -121.772 2565.47 1 403.167 -135.415 2522.26 1 227.649 -580.647 2575.68 1 345.525 -987.986 2700.82 1 412.379 -593.933 2557.92 1 333.449 329.926 2562.48 1 336.51 -1013.9 2654.8 1
351.801 556.172 2560.33 1 157.487 341.743 2599.55 1 97.721 32.0887 2626.44 1 513.793 318.443 2524.55 1 546.648 -1.00883 2510.29 1 81.2559 -287.717 2543.01 1 522.463 -292.473 2439.83 1 318.603 100.851 2552.33 1 197.864 -121.611 2564.43 1 405.266 -135.174 2520.77 1 228.55 -580.531 2577.26 1 341.874 -991.976 2692.9 1 421.851 -592.71 2564.77 1 335.64 330.093 2562.05 1 321.693 -1004.85 2628.85 1
351.538 554.332 2561.02 1 157.991 340.81 2599.78 1 102.386 32.7313 2625.49 1 514.188 318.355 2524.01 1 547.933 -0.894099 2510.41 1 81.5152 -286.741 2541.79 1 521.683 -292.353 2440.61 1 319.577 100.298 2552.22 1 199.394 -122.45 2564.59 1 406.734 -135.521 2520.49 1 232.189 -580.735 2587.54 1 336.229 -998.791 2685.53 1 416.785 -594.047 2554.58 1 336.09 329.582 2561.9 1 327.75 -1009.26 2647.33 1
355.275 555.234 2570.87 1 160.437 342.671 2604.84 1 103.232 31.0162 2626.13 1 515.871 319.652 2525.79 1 547.449 -1.80885 2508.72 1 82.29 -288.199 2541.37 1 525.464 -293.869 2440.04 1 320.207 102.256 2551.28 1 198.808 -119.949 2560.24 1 405.711 -133.348 2514.23 1 236.324 -577.977 2581.88 1 329.426 -999.289 2677.71 1 407.86 -592.26 2545.11 1 338.154 331.161 2565.32 1 331.984 -1010.85 2650.21 1
357.089 553.542 2573.79 1 160.91 341.015 2605.94 1 104.684 33.9387 2626.13 1 516.314 317.408 2526.89 1 547.556 -0.583036 2507.47 1 82.3746 -284.747 2539.73 1 527.347 -293.155 2440.38 1 319.985 100.432 2550.99 1 197.92 -121.478 2558.56 1 404.794 -135.218 2512.55 1 232.178 -579.34 2587.45 1 328.919 -1001.7 2675.42 1 413.714 -593.587 2549.81 1 338.612 329.211 2566.42 1 330.097 -1012.69 2655.62 1
358.054 553.146 2575.25 1 161.451 341.036 2604.37 1 105.999 33.2159 2626.46 1 517.222 317.732 2526.89 1 547.742 -0.891934 2505.45 1 84.536 -285.445 2539.72 1 529.755 -293.971 2439.95 1 320.776 100.657 2549.19 1 198.67 -121.289 2555.31 1 405.761 -134.853 2510.21 1 233.183 -579.295 2582.42 1 331.554 -998.638 2682.21 1 424.302 -591.491 2560.54 1 339.336 329.384 2565.63 1 322.968 -1001.55 2629.31 1
361.003 555.02 2576.48 1 165.193 342.044 2603.35 1 107.416 30.6092 2627.5 1 521.391 319.671 2527.59 1 549.526 -0.117655 2504.94 1 84.7803 -287.83 2540.23 1 530.052 -293.508 2441.25 1 325.255 102.143 2548.21 1 203.546 -120.059 2552.99 1 410.888 -133.082 2508.89 1 232.401 -578.307 2582.39 1 336.009 -996.415 2682.65 1 427.604 -590.597 2552.83 1 343.292 330.857 2565.47 1 330.989 -1003.9 2645.98 1
362.507 555.348 2576.6 1 167.443 342.458 2601.69 1 109.703 29.3437 2627.54 1 524.239 321.915 2528.3 1 556.909 2.38567 2504.8 1 86.0062 -288.954 2540.02 1 534.396 -290.954 2441.91 1 329.073 103.39 2547.52 1 208.457 -119.427 2551.4 1 416.151 -131.385 2508.68 1 228.988 -577.957 2582.64 1 330.482 -995.368 2688.11 1 432.95 -588.887 2553.95 1 345.841 332.187 2565 1 335.206 -1005.25 2650.76 1
362.625 556.021 2568.15 1 168.602 343.025 2598.05 1 111.209 27.5145 2629 1 526.033 322.267 2527.91 1 561.533 6.57588 2505.94 1 86.9728 -290.456 2540.44 1 538.615 -286.881 2443.68 1 331.359 103.556 2549.45 1 211.368 -119.493 2556.34 1 419.43 -131.576 2515.51 1 230.922 -577.34 2596.5 1 327.514 -999.225 2686.62 1 434.546 -588.962 2563.03 1 347.318 332.646 2562.98 1 334.263 -1006.76 2660.04 1
362.955 555.374 2572.42 1 169.06 341.077 2600.24 1 112.071 27.4175 2629.74 1 526.362 322.854 2528.74 1 563.472 8.01544 2504.66 1 87.4833 -290.221 2540.09 1 540.498 -285.642 2443.34 1 332.932 102.911 2549.01 1 214.161 -120.84 2554.35 1 422.144 -131.448 2512.73 1 228.902 -579.039 2593.04 1 325.624 -1002.55 2675.7 1 436.686 -589.38 2554.9 1 347.711 331.966 2564.49 1 336.329 -1007.92 2653.15 1
363.614 557.141 2574.57 1 170.726 342.068 2599.64 1 112.195 24.7508 2628.79 1 528.552 325.03 2530.51 1 566.285 9.722 2505.03 1 87.5988 -293.378 2540.92 1 544.781 -284.364 2445.27 1 335.499 104.532 2548.33 1 217.215 -119.526 2551.7 1 425.503 -129.444 2511.46 1 231.374 -577.174 2596.71 1 327.682 -1002.27 2671.68 1 436.729 -586.656 2561.3 1 349.639 333.549 2565.07 1 335.111 -1007.13 2651.54 1
362.754 555.687 2566.63 1 171.932 340.401 2597.76 1 112.433 25.662 2627.6 1 529.729 324.057 2528.26 1 566.015 11.6448 2505.81 1 87.827 -293.102 2542.08 1 546.102 -282.594 2446.24 1 337.851 102.92 2550.12 1 220.739 -121.633 2557.45 1 429.005 -131.147 2517 1 232.391 -579.013 2606.02 1 331.214 -1003 2684.4 1 432.959 -588.786 2563.8 1 350.83 332.229 2563.01 1 338.021 -1009.21 2662.03 1
362.882 556.207 2562.66 1 172.616 340.477 2597.61 1 112.354 24.8876 2627.42 1 529.848 324.555 2525.2 1 568.381 9.06854 2507.69 1 87.1934 -293.529 2540.76 1 546.987 -284.447 2445.2 1 338.713 103.08 2550.09 1 222.221 -121.721 2559.86 1 430.167 -130.989 2517.71 1 226.222 -580.081 2597.8 1 333.443 -1001.35 2679.5 1 428.74 -589.059 2560.37 1 351.232 332.516 2561.4 1 336.322 -1010.71 2656.57 1
